47500	2
47501	2
47502	2
47503	2
47504	2
47505	2
47506	2
47507	2
47508	2
47509	2
47510	2
47511	2
47512	2
47513	2
47514	2
47515	2
47516	2
47517	2
47518	2
47519	2
47520	2
47521	2
47522	2
47523	2
47524	2
47525	2
47526	2
47527	2
47528	2
47529	2
47530	2
47531	2
47532	2
47533	2
47534	2
47535	2
47536	2
47537	2
47538	2
47539	2
47540	2
47541	2
47542	2
47543	2
47544	2
47545	2
47546	2
47547	2
47548	2
47549	2
47550	2
47551	2
47552	2
47553	2
47554	2
47555	2
47556	2
47557	2
47558	2
47559	2
47560	2
47561	2
47562	2
47563	2
47564	2
47565	2
47566	2
47567	2
47568	2
47569	2
47570	2
47571	2
47572	2
47573	2
47574	2
47575	2
47576	2
47577	2
47578	2
47579	2
47580	2
47581	2
47582	2
47583	2
47584	2
47585	2
47586	2
47587	2
47588	2
47589	2
47590	2
47591	2
47592	2
47593	2
47594	2
47595	2
47596	2
47597	2
47598	2
47599	2
47600	2
47601	2
47602	2
47603	2
47604	2
47605	2
47606	2
47607	2
47608	2
47609	2
47610	2
47611	2
47612	2
47613	2
47614	2
47615	2
47616	2
47617	2
47618	2
47619	2
47620	2
47621	2
47622	2
47623	2
47624	2
47625	2
47626	2
47627	2
47628	2
47629	2
47630	2
47631	2
47632	2
47633	2
47634	2
47635	2
47636	2
47637	2
47638	2
47639	2
47640	2
47641	2
47642	2
47643	2
47644	2
47645	2
47646	2
47647	2
47648	2
47649	2
47650	2
47651	2
47652	2
47653	2
47654	2
47655	2
47656	2
47657	2
47658	2
47659	2
47660	2
47661	2
47662	2
47663	2
47664	2
47665	2
47666	2
47667	2
47668	2
47669	2
47670	2
47671	2
47672	2
47673	2
47674	2
47675	2
47676	2
47677	2
47678	2
47679	2
47680	2
47681	2
47682	2
47683	2
47684	2
47685	2
47686	2
47687	2
47688	2
47689	2
47690	2
47691	2
47692	2
47693	2
47694	2
47695	2
47696	2
47697	2
47698	2
47699	2
47700	2
47701	2
47702	2
47703	2
47704	2
47705	2
47706	2
47707	2
47708	2
47709	2
47710	2
47711	2
47712	2
47713	2
47714	2
47715	2
47716	2
47717	2
47718	2
47719	2
47720	2
47721	2
47722	2
47723	2
47724	2
47725	2
47726	2
47727	2
47728	2
47729	2
47730	2
47731	2
47732	2
47733	2
47734	2
47735	2
47736	2
47737	2
47738	2
47739	2
47740	2
47741	2
47742	2
47743	2
47744	2
47745	2
47746	2
47747	2
47748	2
47749	2
47750	2
47751	2
47752	2
47753	2
47754	2
47755	2
47756	2
47757	2
47758	2
47759	2
47760	2
47761	2
47762	2
47763	2
47764	2
47765	2
47766	2
47767	2
47768	2
47769	2
47770	2
47771	2
47772	2
47773	2
47774	2
47775	2
47776	2
47777	2
47778	2
47779	2
47780	2
47781	2
47782	2
47783	2
47784	2
47785	2
47786	2
47787	2
47788	2
47789	2
47790	2
47791	2
47792	2
47793	2
47794	2
47795	2
47796	2
47797	2
47798	2
47799	2
47800	2
47801	2
47802	2
47803	2
47804	2
47805	2
47806	2
47807	2
47808	2
47809	2
47810	2
47811	2
47812	2
47813	2
47814	2
47815	2
47816	2
47817	2
47818	2
47819	2
47820	2
47821	2
47822	2
47823	2
47824	2
47825	2
47826	2
47827	2
47828	2
47829	2
47830	2
47831	2
47832	2
47833	2
47834	2
47835	2
47836	2
47837	2
47838	2
47839	2
47840	2
47841	2
47842	2
47843	2
47844	2
47845	2
47846	2
47847	2
47848	2
47849	2
47850	2
47851	2
47852	2
47853	2
47854	2
47855	2
47856	2
47857	2
47858	2
47859	2
47860	2
47861	2
47862	2
47863	2
47864	2
47865	2
47866	2
47867	2
47868	2
47869	2
47870	2
47871	2
47872	2
47873	2
47874	2
47875	2
47876	2
47877	2
47878	2
47879	2
47880	2
47881	2
47882	2
47883	2
47884	2
47885	2
47886	2
47887	2
47888	2
47889	2
47890	2
47891	2
47892	2
47893	2
47894	2
47895	2
47896	2
47897	2
47898	2
47899	2
47900	2
47901	2
47902	2
47903	2
47904	2
47905	2
47906	2
47907	2
47908	2
47909	2
47910	2
47911	2
47912	2
47913	2
47914	2
47915	2
47916	2
47917	2
47918	2
47919	2
47920	2
47921	2
47922	2
47923	2
47924	2
47925	2
47926	2
47927	2
47928	2
47929	2
47930	2
47931	2
47932	2
47933	2
47934	2
47935	2
47936	2
47937	2
47938	2
47939	2
47940	2
47941	2
47942	2
47943	2
47944	2
47945	2
47946	2
47947	2
47948	2
47949	2
47950	2
47951	2
47952	2
47953	2
47954	2
47955	2
47956	2
47957	2
47958	2
47959	2
47960	2
47961	2
47962	2
47963	2
47964	2
47965	2
47966	2
47967	2
47968	2
47969	2
47970	2
47971	2
47972	2
47973	2
47974	2
47975	2
47976	2
47977	2
47978	2
47979	2
47980	2
47981	2
47982	2
47983	2
47984	2
47985	2
47986	2
47987	2
47988	2
47989	2
47990	2
47991	2
47992	2
47993	2
47994	2
47995	2
47996	2
47997	2
47998	2
47999	2
48000	2
48001	2
48002	2
48003	2
48004	2
48005	2
48006	2
48007	2
48008	2
48009	2
48010	2
48011	2
48012	2
48013	2
48014	2
48015	2
48016	2
48017	2
48018	2
48019	2
48020	2
48021	2
48022	2
48023	2
48024	2
48025	2
48026	2
48027	2
48028	2
48029	2
48030	2
48031	2
48032	2
48033	2
48034	2
48035	2
48036	2
48037	2
48038	2
48039	2
48040	2
48041	2
48042	2
48043	2
48044	2
48045	2
48046	2
48047	2
48048	2
48049	2
48050	2
48051	2
48052	2
48053	2
48054	2
48055	2
48056	2
48057	2
48058	2
48059	2
48060	2
48061	2
48062	2
48063	2
48064	2
48065	2
48066	2
48067	2
48068	2
48069	2
48070	2
48071	2
48072	2
48073	2
48074	2
48075	2
48076	2
48077	2
48078	2
48079	2
48080	2
48081	2
48082	2
48083	2
48084	2
48085	2
48086	2
48087	2
48088	2
48089	2
48090	2
48091	2
48092	2
48093	2
48094	2
48095	2
48096	2
48097	2
48098	2
48099	2
48100	2
48101	2
48102	2
48103	2
48104	2
48105	2
48106	2
48107	2
48108	2
48109	2
48110	2
48111	2
48112	2
48113	2
48114	2
48115	2
48116	2
48117	2
48118	2
48119	2
48120	2
48121	2
48122	2
48123	2
48124	2
48125	2
48126	2
48127	2
48128	2
48129	2
48130	2
48131	2
48132	2
48133	2
48134	2
48135	2
48136	2
48137	2
48138	2
48139	2
48140	2
48141	2
48142	2
48143	2
48144	2
48145	2
48146	2
48147	2
48148	2
48149	2
48150	2
48151	2
48152	2
48153	2
48154	2
48155	2
48156	2
48157	2
48158	2
48159	2
48160	2
48161	2
48162	2
48163	2
48164	2
48165	2
48166	2
48167	2
48168	2
48169	2
48170	2
48171	2
48172	2
48173	2
48174	2
48175	2
48176	2
48177	2
48178	2
48179	2
48180	2
48181	2
48182	2
48183	2
48184	2
48185	2
48186	2
48187	2
48188	2
48189	2
48190	2
48191	2
48192	2
48193	2
48194	2
48195	2
48196	2
48197	2
48198	2
48199	2
48200	2
48201	2
48202	2
48203	2
48204	2
48205	2
48206	2
48207	2
48208	2
48209	2
48210	2
48211	2
48212	2
48213	2
48214	2
48215	2
48216	2
48217	2
48218	2
48219	2
48220	2
48221	2
48222	2
48223	2
48224	2
48225	2
48226	2
48227	2
48228	2
48229	2
48230	2
48231	2
48232	2
48233	2
48234	2
48235	2
48236	2
48237	2
48238	2
48239	2
48240	2
48241	2
48242	2
48243	2
48244	2
48245	2
48246	2
48247	2
48248	2
48249	2
48250	2
48251	2
48252	2
48253	2
48254	2
48255	2
48256	2
48257	2
48258	2
48259	2
48260	2
48261	2
48262	2
48263	2
48264	2
48265	2
48266	2
48267	2
48268	2
48269	2
48270	2
48271	2
48272	2
48273	2
48274	2
48275	2
48276	2
48277	2
48278	2
48279	2
48280	2
48281	2
48282	2
48283	2
48284	2
48285	2
48286	2
48287	2
48288	2
48289	2
48290	2
48291	2
48292	2
48293	2
48294	2
48295	2
48296	2
48297	2
48298	2
48299	2
48300	2
48301	2
48302	2
48303	2
48304	2
48305	2
48306	2
48307	2
48308	2
48309	2
48310	2
48311	2
48312	2
48313	2
48314	2
48315	2
48316	2
48317	2
48318	2
48319	2
48320	2
48321	2
48322	2
48323	2
48324	2
48325	2
48326	2
48327	2
48328	2
48329	2
48330	2
48331	2
48332	2
48333	2
48334	2
48335	2
48336	2
48337	2
48338	2
48339	2
48340	2
48341	2
48342	2
48343	2
48344	2
48345	2
48346	2
48347	2
48348	2
48349	2
48350	2
48351	2
48352	2
48353	2
48354	2
48355	2
48356	2
48357	2
48358	2
48359	2
48360	2
48361	2
48362	2
48363	2
48364	2
48365	2
48366	2
48367	2
48368	2
48369	2
48370	2
48371	2
48372	2
48373	2
48374	2
48375	2
48376	2
48377	2
48378	2
48379	2
48380	2
48381	2
48382	2
48383	2
48384	2
48385	2
48386	2
48387	2
48388	2
48389	2
48390	2
48391	2
48392	2
48393	2
48394	2
48395	2
48396	2
48397	2
48398	2
48399	2
48400	2
48401	2
48402	2
48403	2
48404	2
48405	2
48406	2
48407	2
48408	2
48409	2
48410	2
48411	2
48412	2
48413	2
48414	2
48415	2
48416	2
48417	2
48418	2
48419	2
48420	2
48421	2
48422	2
48423	2
48424	2
48425	2
48426	2
48427	2
48428	2
48429	2
48430	2
48431	2
48432	2
48433	2
48434	2
48435	2
48436	2
48437	2
48438	2
48439	2
48440	2
48441	2
48442	2
48443	2
48444	2
48445	2
48446	2
48447	2
48448	2
48449	2
48450	2
48451	2
48452	2
48453	2
48454	2
48455	2
48456	2
48457	2
48458	2
48459	2
48460	2
48461	2
48462	2
48463	2
48464	2
48465	2
48466	2
48467	2
48468	2
48469	2
48470	2
48471	2
48472	2
48473	2
48474	2
48475	2
48476	2
48477	2
48478	2
48479	2
48480	2
48481	2
48482	2
48483	2
48484	2
48485	2
48486	2
48487	2
48488	2
48489	2
48490	2
48491	2
48492	2
48493	2
48494	2
48495	2
48496	2
48497	2
48498	2
48499	2
48500	2
48501	2
48502	2
48503	2
48504	2
48505	2
48506	2
48507	2
48508	2
48509	2
48510	2
48511	2
48512	2
48513	2
48514	2
48515	2
48516	2
48517	2
48518	2
48519	2
48520	2
48521	2
48522	2
48523	2
48524	2
48525	2
48526	2
48527	2
48528	2
48529	2
48530	2
48531	2
48532	2
48533	2
48534	2
48535	2
48536	2
48537	2
48538	2
48539	2
48540	2
48541	2
48542	2
48543	2
48544	2
48545	2
48546	2
48547	2
48548	2
48549	2
48550	2
48551	2
48552	2
48553	2
48554	2
48555	2
48556	2
48557	2
48558	2
48559	2
48560	2
48561	2
48562	2
48563	2
48564	2
48565	2
48566	2
48567	2
48568	2
48569	2
48570	2
48571	2
48572	2
48573	2
48574	2
48575	2
48576	2
48577	2
48578	2
48579	2
48580	2
48581	2
48582	2
48583	2
48584	2
48585	2
48586	2
48587	2
48588	2
48589	2
48590	2
48591	2
48592	2
48593	2
48594	2
48595	2
48596	2
48597	2
48598	2
48599	2
48600	2
48601	2
48602	2
48603	2
48604	2
48605	2
48606	2
48607	2
48608	2
48609	2
48610	2
48611	2
48612	2
48613	2
48614	2
48615	2
48616	2
48617	2
48618	2
48619	2
48620	2
48621	2
48622	2
48623	2
48624	2
48625	2
48626	2
48627	2
48628	2
48629	2
48630	2
48631	2
48632	2
48633	2
48634	2
48635	2
48636	2
48637	2
48638	2
48639	2
48640	2
48641	2
48642	2
48643	2
48644	2
48645	2
48646	2
48647	2
48648	2
48649	2
48650	2
48651	2
48652	2
48653	2
48654	2
48655	2
48656	2
48657	2
48658	2
48659	2
48660	2
48661	2
48662	2
48663	2
48664	2
48665	2
48666	2
48667	2
48668	2
48669	2
48670	2
48671	2
48672	2
48673	2
48674	2
48675	2
48676	2
48677	2
48678	2
48679	2
48680	2
48681	2
48682	2
48683	2
48684	2
48685	2
48686	2
48687	2
48688	2
48689	2
48690	2
48691	2
48692	2
48693	2
48694	2
48695	2
48696	2
48697	2
48698	2
48699	2
48700	2
48701	2
48702	2
48703	2
48704	2
48705	2
48706	2
48707	2
48708	2
48709	2
48710	2
48711	2
48712	2
48713	2
48714	2
48715	2
48716	2
48717	2
48718	2
48719	2
48720	2
48721	2
48722	2
48723	2
48724	2
48725	2
48726	2
48727	2
48728	2
48729	2
48730	2
48731	2
48732	2
48733	2
48734	2
48735	2
48736	2
48737	2
48738	2
48739	2
48740	2
48741	2
48742	2
48743	2
48744	2
48745	2
48746	2
48747	2
48748	2
48749	2
48750	2
48751	2
48752	2
48753	2
48754	2
48755	2
48756	2
48757	2
48758	2
48759	2
48760	2
48761	2
48762	2
48763	2
48764	2
48765	2
48766	2
48767	2
48768	2
48769	2
48770	2
48771	2
48772	2
48773	2
48774	2
48775	2
48776	2
48777	2
48778	2
48779	2
48780	2
48781	2
48782	2
48783	2
48784	2
48785	2
48786	2
48787	2
48788	2
48789	2
48790	2
48791	2
48792	2
48793	2
48794	2
48795	2
48796	2
48797	2
48798	2
48799	2
48800	2
48801	2
48802	2
48803	2
48804	2
48805	2
48806	2
48807	2
48808	2
48809	2
48810	2
48811	2
48812	2
48813	2
48814	2
48815	2
48816	2
48817	2
48818	2
48819	2
48820	2
48821	2
48822	2
48823	2
48824	2
48825	2
48826	2
48827	2
48828	2
48829	2
48830	2
48831	2
48832	2
48833	2
48834	2
48835	2
48836	2
48837	2
48838	2
48839	2
48840	2
48841	2
48842	2
48843	2
48844	2
48845	2
48846	2
48847	2
48848	2
48849	2
48850	2
48851	2
48852	2
48853	2
48854	2
48855	2
48856	2
48857	2
48858	2
48859	2
48860	2
48861	2
48862	2
48863	2
48864	2
48865	2
48866	2
48867	2
48868	2
48869	2
48870	2
48871	2
48872	2
48873	2
48874	2
48875	2
48876	2
48877	2
48878	2
48879	2
48880	2
48881	2
48882	2
48883	2
48884	2
48885	2
48886	2
48887	2
48888	2
48889	2
48890	2
48891	2
48892	2
48893	2
48894	2
48895	2
48896	2
48897	2
48898	2
48899	2
48900	2
48901	2
48902	2
48903	2
48904	2
48905	2
48906	2
48907	2
48908	2
48909	2
48910	2
48911	2
48912	2
48913	2
48914	2
48915	2
48916	2
48917	2
48918	2
48919	2
48920	2
48921	2
48922	2
48923	2
48924	2
48925	2
48926	2
48927	2
48928	2
48929	2
48930	2
48931	2
48932	2
48933	2
48934	2
48935	2
48936	2
48937	2
48938	2
48939	2
48940	2
48941	2
48942	2
48943	2
48944	2
48945	2
48946	2
48947	2
48948	2
48949	2
48950	2
48951	2
48952	2
48953	2
48954	2
48955	2
48956	2
48957	2
48958	2
48959	2
48960	2
48961	2
48962	2
48963	2
48964	2
48965	2
48966	2
48967	2
48968	2
48969	2
48970	2
48971	2
48972	2
48973	2
48974	2
48975	2
48976	2
48977	2
48978	2
48979	2
48980	2
48981	2
48982	2
48983	2
48984	2
48985	2
48986	2
48987	2
48988	2
48989	2
48990	2
48991	2
48992	2
48993	2
48994	2
48995	2
48996	2
48997	2
48998	2
48999	2
49000	2
49001	2
49002	2
49003	2
49004	2
49005	2
49006	2
49007	2
49008	2
49009	2
49010	2
49011	2
49012	2
49013	2
49014	2
49015	2
49016	2
49017	2
49018	2
49019	2
49020	2
49021	2
49022	2
49023	2
49024	2
49025	2
49026	2
49027	2
49028	2
49029	2
49030	2
49031	2
49032	2
49033	2
49034	2
49035	2
49036	2
49037	2
49038	2
49039	2
49040	2
49041	2
49042	2
49043	2
49044	2
49045	2
49046	2
49047	2
49048	2
49049	2
49050	2
49051	2
49052	2
49053	2
49054	2
49055	2
49056	2
49057	2
49058	2
49059	2
49060	2
49061	2
49062	2
49063	2
49064	2
49065	2
49066	2
49067	2
49068	2
49069	2
49070	2
49071	2
49072	2
49073	2
49074	2
49075	2
49076	2
49077	2
49078	2
49079	2
49080	2
49081	2
49082	2
49083	2
49084	2
49085	2
49086	2
49087	2
49088	2
49089	2
49090	2
49091	2
49092	2
49093	2
49094	2
49095	2
49096	2
49097	2
49098	2
49099	2
49100	2
49101	2
49102	2
49103	2
49104	2
49105	2
49106	2
49107	2
49108	2
49109	2
49110	2
49111	2
49112	2
49113	2
49114	2
49115	2
49116	2
49117	2
49118	2
49119	2
49120	2
49121	2
49122	2
49123	2
49124	2
49125	2
49126	2
49127	2
49128	2
49129	2
49130	2
49131	2
49132	2
49133	2
49134	2
49135	2
49136	2
49137	2
49138	2
49139	2
49140	2
49141	2
49142	2
49143	2
49144	2
49145	2
49146	2
49147	2
49148	2
49149	2
49150	2
49151	2
49152	2
49153	2
49154	2
49155	2
49156	2
49157	2
49158	2
49159	2
49160	2
49161	2
49162	2
49163	2
49164	2
49165	2
49166	2
49167	2
49168	2
49169	2
49170	2
49171	2
49172	2
49173	2
49174	2
49175	2
49176	2
49177	2
49178	2
49179	2
49180	2
49181	2
49182	2
49183	2
49184	2
49185	2
49186	2
49187	2
49188	2
49189	2
49190	2
49191	2
49192	2
49193	2
49194	2
49195	2
49196	2
49197	2
49198	2
49199	2
49200	2
49201	2
49202	2
49203	2
49204	2
49205	2
49206	2
49207	2
49208	2
49209	2
49210	2
49211	2
49212	2
49213	2
49214	2
49215	2
49216	2
49217	2
49218	2
49219	2
49220	2
49221	2
49222	2
49223	2
49224	2
49225	2
49226	2
49227	2
49228	2
49229	2
49230	2
49231	2
49232	2
49233	2
49234	2
49235	2
49236	2
49237	2
49238	2
49239	2
49240	2
49241	2
49242	2
49243	2
49244	2
49245	2
49246	2
49247	2
49248	2
49249	2
49250	2
49251	2
49252	2
49253	2
49254	2
49255	2
49256	2
49257	2
49258	2
49259	2
49260	2
49261	2
49262	2
49263	2
49264	2
49265	2
49266	2
49267	2
49268	2
49269	2
49270	2
49271	2
49272	2
49273	2
49274	2
49275	2
49276	2
49277	2
49278	2
49279	2
49280	2
49281	2
49282	2
49283	2
49284	2
49285	2
49286	2
49287	2
49288	2
49289	2
49290	2
49291	2
49292	2
49293	2
49294	2
49295	2
49296	2
49297	2
49298	2
49299	2
49300	2
49301	2
49302	2
49303	2
49304	2
49305	2
49306	2
49307	2
49308	2
49309	2
49310	2
49311	2
49312	2
49313	2
49314	2
49315	2
49316	2
49317	2
49318	2
49319	2
49320	2
49321	2
49322	2
49323	2
49324	2
49325	2
49326	2
49327	2
49328	2
49329	2
49330	2
49331	2
49332	2
49333	2
49334	2
49335	2
49336	2
49337	2
49338	2
49339	2
49340	2
49341	2
49342	2
49343	2
49344	2
49345	2
49346	2
49347	2
49348	2
49349	2
49350	2
49351	2
49352	2
49353	2
49354	2
49355	2
49356	2
49357	2
49358	2
49359	2
49360	2
49361	2
49362	2
49363	2
49364	2
49365	2
49366	2
49367	2
49368	2
49369	2
49370	2
49371	2
49372	2
49373	2
49374	2
49375	2
49376	2
49377	2
49378	2
49379	2
49380	2
49381	2
49382	2
49383	2
49384	2
49385	2
49386	2
49387	2
49388	2
49389	2
49390	2
49391	2
49392	2
49393	2
49394	2
49395	2
49396	2
49397	2
49398	2
49399	2
49400	2
49401	2
49402	2
49403	2
49404	2
49405	2
49406	2
49407	2
49408	2
49409	2
49410	2
49411	2
49412	2
49413	2
49414	2
49415	2
49416	2
49417	2
49418	2
49419	2
49420	2
49421	2
49422	2
49423	2
49424	2
49425	2
49426	2
49427	2
49428	2
49429	2
49430	2
49431	2
49432	2
49433	2
49434	2
49435	2
49436	2
49437	2
49438	2
49439	2
49440	2
49441	2
49442	2
49443	2
49444	2
49445	2
49446	2
49447	2
49448	2
49449	2
49450	2
49451	2
49452	2
49453	2
49454	2
49455	2
49456	2
49457	2
49458	2
49459	2
49460	2
49461	2
49462	2
49463	2
49464	2
49465	2
49466	2
49467	2
49468	2
49469	2
49470	2
49471	2
49472	2
49473	2
49474	2
49475	2
49476	2
49477	2
49478	2
49479	2
49480	2
49481	2
49482	2
49483	2
49484	2
49485	2
49486	2
49487	2
49488	2
49489	2
49490	2
49491	2
49492	2
49493	2
49494	2
49495	2
49496	2
49497	2
49498	2
49499	2
49500	2
49501	2
49502	2
49503	2
49504	2
49505	2
49506	2
49507	2
49508	2
49509	2
49510	2
49511	2
49512	2
49513	2
49514	2
49515	2
49516	2
49517	2
49518	2
49519	2
49520	2
49521	2
49522	2
49523	2
49524	2
49525	2
49526	2
49527	2
49528	2
49529	2
49530	2
49531	2
49532	2
49533	2
49534	2
49535	2
49536	2
49537	2
49538	2
49539	2
49540	2
49541	2
49542	2
49543	2
49544	2
49545	2
49546	2
49547	2
49548	2
49549	2
49550	2
49551	2
49552	2
49553	2
49554	2
49555	2
49556	2
49557	2
49558	2
49559	2
49560	2
49561	2
49562	2
49563	2
49564	2
49565	2
49566	2
49567	2
49568	2
49569	2
49570	2
49571	2
49572	2
49573	2
49574	2
49575	2
49576	2
49577	2
49578	2
49579	2
49580	2
49581	2
49582	2
49583	2
49584	2
49585	2
49586	2
49587	2
49588	2
49589	2
49590	2
49591	2
49592	2
49593	2
49594	2
49595	2
49596	2
49597	2
49598	2
49599	2
49600	2
49601	2
49602	2
49603	2
49604	2
49605	2
49606	2
49607	2
49608	2
49609	2
49610	2
49611	2
49612	2
49613	2
49614	2
49615	2
49616	2
49617	2
49618	2
49619	2
49620	2
49621	2
49622	2
49623	2
49624	2
49625	2
49626	2
49627	2
49628	2
49629	2
49630	2
49631	2
49632	2
49633	2
49634	2
49635	2
49636	2
49637	2
49638	2
49639	2
49640	2
49641	2
49642	2
49643	2
49644	2
49645	2
49646	2
49647	2
49648	2
49649	2
49650	2
49651	2
49652	2
49653	2
49654	2
49655	2
49656	2
49657	2
49658	2
49659	2
49660	2
49661	2
49662	2
49663	2
49664	2
49665	2
49666	2
49667	2
49668	2
49669	2
49670	2
49671	2
49672	2
49673	2
49674	2
49675	2
49676	2
49677	2
49678	2
49679	2
49680	2
49681	2
49682	2
49683	2
49684	2
49685	2
49686	2
49687	2
49688	2
49689	2
49690	2
49691	2
49692	2
49693	2
49694	2
49695	2
49696	2
49697	2
49698	2
49699	2
49700	2
49701	2
49702	2
49703	2
49704	2
49705	2
49706	2
49707	2
49708	2
49709	2
49710	2
49711	2
49712	2
49713	2
49714	2
49715	2
49716	2
49717	2
49718	2
49719	2
49720	2
49721	2
49722	2
49723	2
49724	2
49725	2
49726	2
49727	2
49728	2
49729	2
49730	2
49731	2
49732	2
49733	2
49734	2
49735	2
49736	2
49737	2
49738	2
49739	2
49740	2
49741	2
49742	2
49743	2
49744	2
49745	2
49746	2
49747	2
49748	2
49749	2
49750	2
49751	2
49752	2
49753	2
49754	2
49755	2
49756	2
49757	2
49758	2
49759	2
49760	2
49761	2
49762	2
49763	2
49764	2
49765	2
49766	2
49767	2
49768	2
49769	2
49770	2
49771	2
49772	2
49773	2
49774	2
49775	2
49776	2
49777	2
49778	2
49779	2
49780	2
49781	2
49782	2
49783	2
49784	2
49785	2
49786	2
49787	2
49788	2
49789	2
49790	2
49791	2
49792	2
49793	2
49794	2
49795	2
49796	2
49797	2
49798	2
49799	2
49800	2
49801	2
49802	2
49803	2
49804	2
49805	2
49806	2
49807	2
49808	2
49809	2
49810	2
49811	2
49812	2
49813	2
49814	2
49815	2
49816	2
49817	2
49818	2
49819	2
49820	2
49821	2
49822	2
49823	2
49824	2
49825	2
49826	2
49827	2
49828	2
49829	2
49830	2
49831	2
49832	2
49833	2
49834	2
49835	2
49836	2
49837	2
49838	2
49839	2
49840	2
49841	2
49842	2
49843	2
49844	2
49845	2
49846	2
49847	2
49848	2
49849	2
49850	2
49851	2
49852	2
49853	2
49854	2
49855	2
49856	2
49857	2
49858	2
49859	2
49860	2
49861	2
49862	2
49863	2
49864	2
49865	2
49866	2
49867	2
49868	2
49869	2
49870	2
49871	2
49872	2
49873	2
49874	2
49875	2
49876	2
49877	2
49878	2
49879	2
49880	2
49881	2
49882	2
49883	2
49884	2
49885	2
49886	2
49887	2
49888	2
49889	2
49890	2
49891	2
49892	2
49893	2
49894	2
49895	2
49896	2
49897	2
49898	2
49899	2
49900	2
49901	2
49902	2
49903	2
49904	2
49905	2
49906	2
49907	2
49908	2
49909	2
49910	2
49911	2
49912	2
49913	2
49914	2
49915	2
49916	2
49917	2
49918	2
49919	2
49920	2
49921	2
49922	2
49923	2
49924	2
49925	2
49926	2
49927	2
49928	2
49929	2
49930	2
49931	2
49932	2
49933	2
49934	2
49935	2
49936	2
49937	2
49938	2
49939	2
49940	2
49941	2
49942	2
49943	2
49944	2
49945	2
49946	2
49947	2
49948	2
49949	2
49950	2
49951	2
49952	2
49953	2
49954	2
49955	2
49956	2
49957	2
49958	2
49959	2
49960	2
49961	2
49962	2
49963	2
49964	2
49965	2
49966	2
49967	2
49968	2
49969	2
49970	2
49971	2
49972	2
49973	2
49974	2
49975	2
49976	2
49977	2
49978	2
49979	2
49980	2
49981	2
49982	2
49983	2
49984	2
49985	2
49986	2
49987	2
49988	2
49989	2
49990	2
49991	2
49992	2
49993	2
49994	2
49995	2
49996	2
49997	2
49998	2
49999	2
50000	2
50001	2
50002	2
50003	2
50004	2
50005	2
50006	2
50007	2
50008	2
50009	2
50010	2
50011	2
50012	2
50013	2
50014	2
50015	2
50016	2
50017	2
50018	2
50019	2
50020	2
50021	2
50022	2
50023	2
50024	2
50025	2
50026	2
50027	2
50028	2
50029	2
50030	2
50031	2
50032	2
50033	2
50034	2
50035	2
50036	2
50037	2
50038	2
50039	2
50040	2
50041	2
50042	2
50043	2
50044	2
50045	2
50046	2
50047	2
50048	2
50049	2
50050	2
50051	2
50052	2
50053	2
50054	2
50055	2
50056	2
50057	2
50058	2
50059	2
50060	2
50061	2
50062	2
50063	2
50064	2
50065	2
50066	2
50067	2
50068	2
50069	2
50070	2
50071	2
50072	2
50073	2
50074	2
50075	2
50076	2
50077	2
50078	2
50079	2
50080	2
50081	2
50082	2
50083	2
50084	2
50085	2
50086	2
50087	2
50088	2
50089	2
50090	2
50091	2
50092	2
50093	2
50094	2
50095	2
50096	2
50097	2
50098	2
50099	2
50100	2
50101	2
50102	2
50103	2
50104	2
50105	2
50106	2
50107	2
50108	2
50109	2
50110	2
50111	2
50112	2
50113	2
50114	2
50115	2
50116	2
50117	2
50118	2
50119	2
50120	2
50121	2
50122	2
50123	2
50124	2
50125	2
50126	2
50127	2
50128	2
50129	2
50130	2
50131	2
50132	2
50133	2
50134	2
50135	2
50136	2
50137	2
50138	2
50139	2
50140	2
50141	2
50142	2
50143	2
50144	2
50145	2
50146	2
50147	2
50148	2
50149	2
50150	2
50151	2
50152	2
50153	2
50154	2
50155	2
50156	2
50157	2
50158	2
50159	2
50160	2
50161	2
50162	2
50163	2
50164	2
50165	2
50166	2
50167	2
50168	2
50169	2
50170	2
50171	2
50172	2
50173	2
50174	2
50175	2
50176	2
50177	2
50178	2
50179	2
50180	2
50181	2
50182	2
50183	2
50184	2
50185	2
50186	2
50187	2
50188	2
50189	2
50190	2
50191	2
50192	2
50193	2
50194	2
50195	2
50196	2
50197	2
50198	2
50199	2
50200	2
50201	2
50202	2
50203	2
50204	2
50205	2
50206	2
50207	2
50208	2
50209	2
50210	2
50211	2
50212	2
50213	2
50214	2
50215	2
50216	2
50217	2
50218	2
50219	2
50220	2
50221	2
50222	2
50223	2
50224	2
50225	2
50226	2
50227	2
50228	2
50229	2
50230	2
50231	2
50232	2
50233	2
50234	2
50235	2
50236	2
50237	2
50238	2
50239	2
50240	2
50241	2
50242	2
50243	2
50244	2
50245	2
50246	2
50247	2
50248	2
50249	2
50250	2
50251	2
50252	2
50253	2
50254	2
50255	2
50256	2
50257	2
50258	2
50259	2
50260	2
50261	2
50262	2
50263	2
50264	2
50265	2
50266	2
50267	2
50268	2
50269	2
50270	2
50271	2
50272	2
50273	2
50274	2
50275	2
50276	2
50277	2
50278	2
50279	2
50280	2
50281	2
50282	2
50283	2
50284	2
50285	2
50286	2
50287	2
50288	2
50289	2
50290	2
50291	2
50292	2
50293	2
50294	2
50295	2
50296	2
50297	2
50298	2
50299	2
50300	2
50301	2
50302	2
50303	2
50304	2
50305	2
50306	2
50307	2
50308	2
50309	2
50310	2
50311	2
50312	2
50313	2
50314	2
50315	2
50316	2
50317	2
50318	2
50319	2
50320	2
50321	2
50322	2
50323	2
50324	2
50325	2
50326	2
50327	2
50328	2
50329	2
50330	2
50331	2
50332	2
50333	2
50334	2
50335	2
50336	2
50337	2
50338	2
50339	2
50340	2
50341	2
50342	2
50343	2
50344	2
50345	2
50346	2
50347	2
50348	2
50349	2
50350	2
50351	2
50352	2
50353	2
50354	2
50355	2
50356	2
50357	2
50358	2
50359	2
50360	2
50361	2
50362	2
50363	2
50364	2
50365	2
50366	2
50367	2
50368	2
50369	2
50370	2
50371	2
50372	2
50373	2
50374	2
50375	2
50376	2
50377	2
50378	2
50379	2
50380	2
50381	2
50382	2
50383	2
50384	2
50385	2
50386	2
50387	2
50388	2
50389	2
50390	2
50391	2
50392	2
50393	2
50394	2
50395	2
50396	2
50397	2
50398	2
50399	2
50400	2
50401	2
50402	2
50403	2
50404	2
50405	2
50406	2
50407	2
50408	2
50409	2
50410	2
50411	2
50412	2
50413	2
50414	2
50415	2
50416	2
50417	2
50418	2
50419	2
50420	2
50421	2
50422	2
50423	2
50424	2
50425	2
50426	2
50427	2
50428	2
50429	2
50430	2
50431	2
50432	2
50433	2
50434	2
50435	2
50436	2
50437	2
50438	2
50439	2
50440	2
50441	2
50442	2
50443	2
50444	2
50445	2
50446	2
50447	2
50448	2
50449	2
50450	2
50451	2
50452	2
50453	2
50454	2
50455	2
50456	2
50457	2
50458	2
50459	2
50460	2
50461	2
50462	2
50463	2
50464	2
50465	2
50466	2
50467	2
50468	2
50469	2
50470	2
50471	2
50472	2
50473	2
50474	2
50475	2
50476	2
50477	2
50478	2
50479	2
50480	2
50481	2
50482	2
50483	2
50484	2
50485	2
50486	2
50487	2
50488	2
50489	2
50490	2
50491	2
50492	2
50493	2
50494	2
50495	2
50496	2
50497	2
50498	2
50499	2
50500	2
50501	2
50502	2
50503	2
50504	2
50505	2
50506	2
50507	2
50508	2
50509	2
50510	2
50511	2
50512	2
50513	2
50514	2
50515	2
50516	2
50517	2
50518	2
50519	2
50520	2
50521	2
50522	2
50523	2
50524	2
50525	2
50526	2
50527	2
50528	2
50529	2
50530	2
50531	2
50532	2
50533	2
50534	2
50535	2
50536	2
50537	2
50538	2
50539	2
50540	2
50541	2
50542	2
50543	2
50544	2
50545	2
50546	2
50547	2
50548	2
50549	2
50550	2
50551	2
50552	2
50553	2
50554	2
50555	2
50556	2
50557	2
50558	2
50559	2
50560	2
50561	2
50562	2
50563	2
50564	2
50565	2
50566	2
50567	2
50568	2
50569	2
50570	2
50571	2
50572	2
50573	2
50574	2
50575	2
50576	2
50577	2
50578	2
50579	2
50580	2
50581	2
50582	2
50583	2
50584	2
50585	2
50586	2
50587	2
50588	2
50589	2
50590	2
50591	2
50592	2
50593	2
50594	2
50595	2
50596	2
50597	2
50598	2
50599	2
50600	2
50601	2
50602	2
50603	2
50604	2
50605	2
50606	2
50607	2
50608	2
50609	2
50610	2
50611	2
50612	2
50613	2
50614	2
50615	2
50616	2
50617	2
50618	2
50619	2
50620	2
50621	2
50622	2
50623	2
50624	2
50625	2
50626	2
50627	2
50628	2
50629	2
50630	2
50631	2
50632	2
50633	2
50634	2
50635	2
50636	2
50637	2
50638	2
50639	2
50640	2
50641	2
50642	2
50643	2
50644	2
50645	2
50646	2
50647	2
50648	2
50649	2
50650	2
50651	2
50652	2
50653	2
50654	2
50655	2
50656	2
50657	2
50658	2
50659	2
50660	2
50661	2
50662	2
50663	2
50664	2
50665	2
50666	2
50667	2
50668	2
50669	2
50670	2
50671	2
50672	2
50673	2
50674	2
50675	2
50676	2
50677	2
50678	2
50679	2
50680	2
50681	2
50682	2
50683	2
50684	2
50685	2
50686	2
50687	2
50688	2
50689	2
50690	2
50691	2
50692	2
50693	2
50694	2
50695	2
50696	2
50697	2
50698	2
50699	2
50700	2
50701	2
50702	2
50703	2
50704	2
50705	2
50706	2
50707	2
50708	2
50709	2
50710	2
50711	2
50712	2
50713	2
50714	2
50715	2
50716	2
50717	2
50718	2
50719	2
50720	2
50721	2
50722	2
50723	2
50724	2
50725	2
50726	2
50727	2
50728	2
50729	2
50730	2
50731	2
50732	2
50733	2
50734	2
50735	2
50736	2
50737	2
50738	2
50739	2
50740	2
50741	2
50742	2
50743	2
50744	2
50745	2
50746	2
50747	2
50748	2
50749	2
50750	2
50751	2
50752	2
50753	2
50754	2
50755	2
50756	2
50757	2
50758	2
50759	2
50760	2
50761	2
50762	2
50763	2
50764	2
50765	2
50766	2
50767	2
50768	2
50769	2
50770	2
50771	2
50772	2
50773	2
50774	2
50775	2
50776	2
50777	2
50778	2
50779	2
50780	2
50781	2
50782	2
50783	2
50784	2
50785	2
50786	2
50787	2
50788	2
50789	2
50790	2
50791	2
50792	2
50793	2
50794	2
50795	2
50796	2
50797	2
50798	2
50799	2
50800	2
50801	2
50802	2
50803	2
50804	2
50805	2
50806	2
50807	2
50808	2
50809	2
50810	2
50811	2
50812	2
50813	2
50814	2
50815	2
50816	2
50817	2
50818	2
50819	2
50820	2
50821	2
50822	2
50823	2
50824	2
50825	2
50826	2
50827	2
50828	2
50829	2
50830	2
50831	2
50832	2
50833	2
50834	2
50835	2
50836	2
50837	2
50838	2
50839	2
50840	2
50841	2
50842	2
50843	2
50844	2
50845	2
50846	2
50847	2
50848	2
50849	2
50850	2
50851	2
50852	2
50853	2
50854	2
50855	2
50856	2
50857	2
50858	2
50859	2
50860	2
50861	2
50862	2
50863	2
50864	2
50865	2
50866	2
50867	2
50868	2
50869	2
50870	2
50871	2
50872	2
50873	2
50874	2
50875	2
50876	2
50877	2
50878	2
50879	2
50880	2
50881	2
50882	2
50883	2
50884	2
50885	2
50886	2
50887	2
50888	2
50889	2
50890	2
50891	2
50892	2
50893	2
50894	2
50895	2
50896	2
50897	2
50898	2
50899	2
50900	2
50901	2
50902	2
50903	2
50904	2
50905	2
50906	2
50907	2
50908	2
50909	2
50910	2
50911	2
50912	2
50913	2
50914	2
50915	2
50916	2
50917	2
50918	2
50919	2
50920	2
50921	2
50922	2
50923	2
50924	2
50925	2
50926	2
50927	2
50928	2
50929	2
50930	2
50931	2
50932	2
50933	2
50934	2
50935	2
50936	2
50937	2
50938	2
50939	2
50940	2
50941	2
50942	2
50943	2
50944	2
50945	2
50946	2
50947	2
50948	2
50949	2
50950	2
50951	2
50952	2
50953	2
50954	2
50955	2
50956	2
50957	2
50958	2
50959	2
50960	2
50961	2
50962	2
50963	2
50964	2
50965	2
50966	2
50967	2
50968	2
50969	2
50970	2
50971	2
50972	2
50973	2
50974	2
50975	2
50976	2
50977	2
50978	2
50979	2
50980	2
50981	2
50982	2
50983	2
50984	2
50985	2
50986	2
50987	2
50988	2
50989	2
50990	2
50991	2
50992	2
50993	2
50994	2
50995	2
50996	2
50997	2
50998	2
50999	2
51000	2
51001	2
51002	2
51003	2
51004	2
51005	2
51006	2
51007	2
51008	2
51009	2
51010	2
51011	2
51012	2
51013	2
51014	2
51015	2
51016	2
51017	2
51018	2
51019	2
51020	2
51021	2
51022	2
51023	2
51024	2
51025	2
51026	2
51027	2
51028	2
51029	2
51030	2
51031	2
51032	2
51033	2
51034	2
51035	2
51036	2
51037	2
51038	2
51039	2
51040	2
51041	2
51042	2
51043	2
51044	2
51045	2
51046	2
51047	2
51048	2
51049	2
51050	2
51051	2
51052	2
51053	2
51054	2
51055	2
51056	2
51057	2
51058	2
51059	2
51060	2
51061	2
51062	2
51063	2
51064	2
51065	2
51066	2
51067	2
51068	2
51069	2
51070	2
51071	2
51072	2
51073	2
51074	2
51075	2
51076	2
51077	2
51078	2
51079	2
51080	2
51081	2
51082	2
51083	2
51084	2
51085	2
51086	2
51087	2
51088	2
51089	2
51090	2
51091	2
51092	2
51093	2
51094	2
51095	2
51096	2
51097	2
51098	2
51099	2
51100	2
51101	2
51102	2
51103	2
51104	2
51105	2
51106	2
51107	2
51108	2
51109	2
51110	2
51111	2
51112	2
51113	2
51114	2
51115	2
51116	2
51117	2
51118	2
51119	2
51120	2
51121	2
51122	2
51123	2
51124	2
51125	2
51126	2
51127	2
51128	2
51129	2
51130	2
51131	2
51132	2
51133	2
51134	2
51135	2
51136	2
51137	2
51138	2
51139	2
51140	2
51141	2
51142	2
51143	2
51144	2
51145	2
51146	2
51147	2
51148	2
51149	2
51150	2
51151	2
51152	2
51153	2
51154	2
51155	2
51156	2
51157	2
51158	2
51159	2
51160	2
51161	2
51162	2
51163	2
51164	2
51165	2
51166	2
51167	2
51168	2
51169	2
51170	2
51171	2
51172	2
51173	2
51174	2
51175	2
51176	2
51177	2
51178	2
51179	2
51180	2
51181	2
51182	2
51183	2
51184	2
51185	2
51186	2
51187	2
51188	2
51189	2
51190	2
51191	2
51192	2
51193	2
51194	2
51195	2
51196	2
51197	2
51198	2
51199	2
51200	2
51201	2
51202	2
51203	2
51204	2
51205	2
51206	2
51207	2
51208	2
51209	2
51210	2
51211	2
51212	2
51213	2
51214	2
51215	2
51216	2
51217	2
51218	2
51219	2
51220	2
51221	2
51222	2
51223	2
51224	2
51225	2
51226	2
51227	2
51228	2
51229	2
51230	2
51231	2
51232	2
51233	2
51234	2
51235	2
51236	2
51237	2
51238	2
51239	2
51240	2
51241	2
51242	2
51243	2
51244	2
51245	2
51246	2
51247	2
51248	2
51249	2
51250	2
51251	2
51252	2
51253	2
51254	2
51255	2
51256	2
51257	2
51258	2
51259	2
51260	2
51261	2
51262	2
51263	2
51264	2
51265	2
51266	2
51267	2
51268	2
51269	2
51270	2
51271	2
51272	2
51273	2
51274	2
51275	2
51276	2
51277	2
51278	2
51279	2
51280	2
51281	2
51282	2
51283	2
51284	2
51285	2
51286	2
51287	2
51288	2
51289	2
51290	2
51291	2
51292	2
51293	2
51294	2
51295	2
51296	2
51297	2
51298	2
51299	2
51300	2
51301	2
51302	2
51303	2
51304	2
51305	2
51306	2
51307	2
51308	2
51309	2
51310	2
51311	2
51312	2
51313	2
51314	2
51315	2
51316	2
51317	2
51318	2
51319	2
51320	2
51321	2
51322	2
51323	2
51324	2
51325	2
51326	2
51327	2
51328	2
51329	2
51330	2
51331	2
51332	2
51333	2
51334	2
51335	2
51336	2
51337	2
51338	2
51339	2
51340	2
51341	2
51342	2
51343	2
51344	2
51345	2
51346	2
51347	2
51348	2
51349	2
51350	2
51351	2
51352	2
51353	2
51354	2
51355	2
51356	2
51357	2
51358	2
51359	2
51360	2
51361	2
51362	2
51363	2
51364	2
51365	2
51366	2
51367	2
51368	2
51369	2
51370	2
51371	2
51372	2
51373	2
51374	2
51375	2
51376	2
51377	2
51378	2
51379	2
51380	2
51381	2
51382	2
51383	2
51384	2
51385	2
51386	2
51387	2
51388	2
51389	2
51390	2
51391	2
51392	2
51393	2
51394	2
51395	2
51396	2
51397	2
51398	2
51399	2
51400	2
51401	2
51402	2
51403	2
51404	2
51405	2
51406	2
51407	2
51408	2
51409	2
51410	2
51411	2
51412	2
51413	2
51414	2
51415	2
51416	2
51417	2
51418	2
51419	2
51420	2
51421	2
51422	2
51423	2
51424	2
51425	2
51426	2
51427	2
51428	2
51429	2
51430	2
51431	2
51432	2
51433	2
51434	2
51435	2
51436	2
51437	2
51438	2
51439	2
51440	2
51441	2
51442	2
51443	2
51444	2
51445	2
51446	2
51447	2
51448	2
51449	2
51450	2
51451	2
51452	2
51453	2
51454	2
51455	2
51456	2
51457	2
51458	2
51459	2
51460	2
51461	2
51462	2
51463	2
51464	2
51465	2
51466	2
51467	2
51468	2
51469	2
51470	2
51471	2
51472	2
51473	2
51474	2
51475	2
51476	2
51477	2
51478	2
51479	2
51480	2
51481	2
51482	2
51483	2
51484	2
51485	2
51486	2
51487	2
51488	2
51489	2
51490	2
51491	2
51492	2
51493	2
51494	2
51495	2
51496	2
51497	2
51498	2
51499	2
51500	2
51501	2
51502	2
51503	2
51504	2
51505	2
51506	2
51507	2
51508	2
51509	2
51510	2
51511	2
51512	2
51513	2
51514	2
51515	2
51516	2
51517	2
51518	2
51519	2
51520	2
51521	2
51522	2
51523	2
51524	2
51525	2
51526	2
51527	2
51528	2
51529	2
51530	2
51531	2
51532	2
51533	2
51534	2
51535	2
51536	2
51537	2
51538	2
51539	2
51540	2
51541	2
51542	2
51543	2
51544	2
51545	2
51546	2
51547	2
51548	2
51549	2
51550	2
51551	2
51552	2
51553	2
51554	2
51555	2
51556	2
51557	2
51558	2
51559	2
51560	2
51561	2
51562	2
51563	2
51564	2
51565	2
51566	2
51567	2
51568	2
51569	2
51570	2
51571	2
51572	2
51573	2
51574	2
51575	2
51576	2
51577	2
51578	2
51579	2
51580	2
51581	2
51582	2
51583	2
51584	2
51585	2
51586	2
51587	2
51588	2
51589	2
51590	2
51591	2
51592	2
51593	2
51594	2
51595	2
51596	2
51597	2
51598	2
51599	2
51600	2
51601	2
51602	2
51603	2
51604	2
51605	2
51606	2
51607	2
51608	2
51609	2
51610	2
51611	2
51612	2
51613	2
51614	2
51615	2
51616	2
51617	2
51618	2
51619	2
51620	2
51621	2
51622	2
51623	2
51624	2
51625	2
51626	2
51627	2
51628	2
51629	2
51630	2
51631	2
51632	2
51633	2
51634	2
51635	2
51636	2
51637	2
51638	2
51639	2
51640	2
51641	2
51642	2
51643	2
51644	2
51645	2
51646	2
51647	2
51648	2
51649	2
51650	2
51651	2
51652	2
51653	2
51654	2
51655	2
51656	2
51657	2
51658	2
51659	2
51660	2
51661	2
51662	2
51663	2
51664	2
51665	2
51666	2
51667	2
51668	2
51669	2
51670	2
51671	2
51672	2
51673	2
51674	2
51675	2
51676	2
51677	2
51678	2
51679	2
51680	2
51681	2
51682	2
51683	2
51684	2
51685	2
51686	2
51687	2
51688	2
51689	2
51690	2
51691	2
51692	2
51693	2
51694	2
51695	2
51696	2
51697	2
51698	2
51699	2
51700	2
51701	2
51702	2
51703	2
51704	2
51705	2
51706	2
51707	2
51708	2
51709	2
51710	2
51711	2
51712	2
51713	2
51714	2
51715	2
51716	2
51717	2
51718	2
51719	2
51720	2
51721	2
51722	2
51723	2
51724	2
51725	2
51726	2
51727	2
51728	2
51729	2
51730	2
51731	2
51732	2
51733	2
51734	2
51735	2
51736	2
51737	2
51738	2
51739	2
51740	2
51741	2
51742	2
51743	2
51744	2
51745	2
51746	2
51747	2
51748	2
51749	2
51750	2
51751	2
51752	2
51753	2
51754	2
51755	2
51756	2
51757	2
51758	2
51759	2
51760	2
51761	2
51762	2
51763	2
51764	2
51765	2
51766	2
51767	2
51768	2
51769	2
51770	2
51771	2
51772	2
51773	2
51774	2
51775	2
51776	2
51777	2
51778	2
51779	2
51780	2
51781	2
51782	2
51783	2
51784	2
51785	2
51786	2
51787	2
51788	2
51789	2
51790	2
51791	2
51792	2
51793	2
51794	2
51795	2
51796	2
51797	2
51798	2
51799	2
51800	2
51801	2
51802	2
51803	2
51804	2
51805	2
51806	2
51807	2
51808	2
51809	2
51810	2
51811	2
51812	2
51813	2
51814	2
51815	2
51816	2
51817	2
51818	2
51819	2
51820	2
51821	2
51822	2
51823	2
51824	2
51825	2
51826	2
51827	2
51828	2
51829	2
51830	2
51831	2
51832	2
51833	2
51834	2
51835	2
51836	2
51837	2
51838	2
51839	2
51840	2
51841	2
51842	2
51843	2
51844	2
51845	2
51846	2
51847	2
51848	2
51849	2
51850	2
51851	2
51852	2
51853	2
51854	2
51855	2
51856	2
51857	2
51858	2
51859	2
51860	2
51861	2
51862	2
51863	2
51864	2
51865	2
51866	2
51867	2
51868	2
51869	2
51870	2
51871	2
51872	2
51873	2
51874	2
51875	2
51876	2
51877	2
51878	2
51879	2
51880	2
51881	2
51882	2
51883	2
51884	2
51885	2
51886	2
51887	2
51888	2
51889	2
51890	2
51891	2
51892	2
51893	2
51894	2
51895	2
51896	2
51897	2
51898	2
51899	2
51900	2
51901	2
51902	2
51903	2
51904	2
51905	2
51906	2
51907	2
51908	2
51909	2
51910	2
51911	2
51912	2
51913	2
51914	2
51915	2
51916	2
51917	2
51918	2
51919	2
51920	2
51921	2
51922	2
51923	2
51924	2
51925	2
51926	2
51927	2
51928	2
51929	2
51930	2
51931	2
51932	2
51933	2
51934	2
51935	2
51936	2
51937	2
51938	2
51939	2
51940	2
51941	2
51942	2
51943	2
51944	2
51945	2
51946	2
51947	2
51948	2
51949	2
51950	2
51951	2
51952	2
51953	2
51954	2
51955	2
51956	2
51957	2
51958	2
51959	2
51960	2
51961	2
51962	2
51963	2
51964	2
51965	2
51966	2
51967	2
51968	2
51969	2
51970	2
51971	2
51972	2
51973	2
51974	2
51975	2
51976	2
51977	2
51978	2
51979	2
51980	2
51981	2
51982	2
51983	2
51984	2
51985	2
51986	2
51987	2
51988	2
51989	2
51990	2
51991	2
51992	2
51993	2
51994	2
51995	2
51996	2
51997	2
51998	2
51999	2
52000	2
52001	2
52002	2
52003	2
52004	2
52005	2
52006	2
52007	2
52008	2
52009	2
52010	2
52011	2
52012	2
52013	2
52014	2
52015	2
52016	2
52017	2
52018	2
52019	2
52020	2
52021	2
52022	2
52023	2
52024	2
52025	2
52026	2
52027	2
52028	2
52029	2
52030	2
52031	2
52032	2
52033	2
52034	2
52035	2
52036	2
52037	2
52038	2
52039	2
52040	2
52041	2
52042	2
52043	2
52044	2
52045	2
52046	2
52047	2
52048	2
52049	2
52050	2
52051	2
52052	2
52053	2
52054	2
52055	2
52056	2
52057	2
52058	2
52059	2
52060	2
52061	2
52062	2
52063	2
52064	2
52065	2
52066	2
52067	2
52068	2
52069	2
52070	2
52071	2
52072	2
52073	2
52074	2
52075	2
52076	2
52077	2
52078	2
52079	2
52080	2
52081	2
52082	2
52083	2
52084	2
52085	2
52086	2
52087	2
52088	2
52089	2
52090	2
52091	2
52092	2
52093	2
52094	2
52095	2
52096	2
52097	2
52098	2
52099	2
52100	2
52101	2
52102	2
52103	2
52104	2
52105	2
52106	2
52107	2
52108	2
52109	2
52110	2
52111	2
52112	2
52113	2
52114	2
52115	2
52116	2
52117	2
52118	2
52119	2
52120	2
52121	2
52122	2
52123	2
52124	2
52125	2
52126	2
52127	2
52128	2
52129	2
52130	2
52131	2
52132	2
52133	2
52134	2
52135	2
52136	2
52137	2
52138	2
52139	2
52140	2
52141	2
52142	2
52143	2
52144	2
52145	2
52146	2
52147	2
52148	2
52149	2
52150	2
52151	2
52152	2
52153	2
52154	2
52155	2
52156	2
52157	2
52158	2
52159	2
52160	2
52161	2
52162	2
52163	2
52164	2
52165	2
52166	2
52167	2
52168	2
52169	2
52170	2
52171	2
52172	2
52173	2
52174	2
52175	2
52176	2
52177	2
52178	2
52179	2
52180	2
52181	2
52182	2
52183	2
52184	2
52185	2
52186	2
52187	2
52188	2
52189	2
52190	2
52191	2
52192	2
52193	2
52194	2
52195	2
52196	2
52197	2
52198	2
52199	2
52200	2
52201	2
52202	2
52203	2
52204	2
52205	2
52206	2
52207	2
52208	2
52209	2
52210	2
52211	2
52212	2
52213	2
52214	2
52215	2
52216	2
52217	2
52218	2
52219	2
52220	2
52221	2
52222	2
52223	2
52224	2
52225	2
52226	2
52227	2
52228	2
52229	2
52230	2
52231	2
52232	2
52233	2
52234	2
52235	2
52236	2
52237	2
52238	2
52239	2
52240	2
52241	2
52242	2
52243	2
52244	2
52245	2
52246	2
52247	2
52248	2
52249	2
52250	2
52251	2
52252	2
52253	2
52254	2
52255	2
52256	2
52257	2
52258	2
52259	2
52260	2
52261	2
52262	2
52263	2
52264	2
52265	2
52266	2
52267	2
52268	2
52269	2
52270	2
52271	2
52272	2
52273	2
52274	2
52275	2
52276	2
52277	2
52278	2
52279	2
52280	2
52281	2
52282	2
52283	2
52284	2
52285	2
52286	2
52287	2
52288	2
52289	2
52290	2
52291	2
52292	2
52293	2
52294	2
52295	2
52296	2
52297	2
52298	2
52299	2
52300	2
52301	2
52302	2
52303	2
52304	2
52305	2
52306	2
52307	2
52308	2
52309	2
52310	2
52311	2
52312	2
52313	2
52314	2
52315	2
52316	2
52317	2
52318	2
52319	2
52320	2
52321	2
52322	2
52323	2
52324	2
52325	2
52326	2
52327	2
52328	2
52329	2
52330	2
52331	2
52332	2
52333	2
52334	2
52335	2
52336	2
52337	2
52338	2
52339	2
52340	2
52341	2
52342	2
52343	2
52344	2
52345	2
52346	2
52347	2
52348	2
52349	2
52350	2
52351	2
52352	2
52353	2
52354	2
52355	2
52356	2
52357	2
52358	2
52359	2
52360	2
52361	2
52362	2
52363	2
52364	2
52365	2
52366	2
52367	2
52368	2
52369	2
52370	2
52371	2
52372	2
52373	2
52374	2
52375	2
52376	2
52377	2
52378	2
52379	2
52380	2
52381	2
52382	2
52383	2
52384	2
52385	2
52386	2
52387	2
52388	2
52389	2
52390	2
52391	2
52392	2
52393	2
52394	2
52395	2
52396	2
52397	2
52398	2
52399	2
52400	2
52401	2
52402	2
52403	2
52404	2
52405	2
52406	2
52407	2
52408	2
52409	2
52410	2
52411	2
52412	2
52413	2
52414	2
52415	2
52416	2
52417	2
52418	2
52419	2
52420	2
52421	2
52422	2
52423	2
52424	2
52425	2
52426	2
52427	2
52428	2
52429	2
52430	2
52431	2
52432	2
52433	2
52434	2
52435	2
52436	2
52437	2
52438	2
52439	2
52440	2
52441	2
52442	2
52443	2
52444	2
52445	2
52446	2
52447	2
52448	2
52449	2
52450	2
52451	2
52452	2
52453	2
52454	2
52455	2
52456	2
52457	2
52458	2
52459	2
52460	2
52461	2
52462	2
52463	2
52464	2
52465	2
52466	2
52467	2
52468	2
52469	2
52470	2
52471	2
52472	2
52473	2
52474	2
52475	2
52476	2
52477	2
52478	2
52479	2
52480	2
52481	2
52482	2
52483	2
52484	2
52485	2
52486	2
52487	2
52488	2
52489	2
52490	2
52491	2
52492	2
52493	2
52494	2
52495	2
52496	2
52497	2
52498	2
52499	2
52500	2
