47500	10
47501	10
47502	10
47503	10
47504	10
47505	10
47506	10
47507	10
47508	10
47509	10
47510	10
47511	10
47512	10
47513	10
47514	10
47515	10
47516	10
47517	10
47518	10
47519	10
47520	10
47521	10
47522	10
47523	10
47524	10
47525	10
47526	10
47527	10
47528	10
47529	10
47530	10
47531	10
47532	10
47533	10
47534	10
47535	10
47536	10
47537	10
47538	10
47539	10
47540	10
47541	10
47542	10
47543	10
47544	10
47545	10
47546	10
47547	10
47548	10
47549	10
47550	10
47551	10
47552	10
47553	10
47554	10
47555	10
47556	10
47557	10
47558	10
47559	10
47560	10
47561	10
47562	10
47563	10
47564	10
47565	10
47566	10
47567	10
47568	10
47569	10
47570	10
47571	10
47572	10
47573	10
47574	10
47575	10
47576	10
47577	10
47578	10
47579	10
47580	10
47581	10
47582	10
47583	10
47584	10
47585	10
47586	10
47587	10
47588	10
47589	10
47590	10
47591	10
47592	10
47593	10
47594	10
47595	10
47596	10
47597	10
47598	10
47599	10
47600	10
47601	10
47602	10
47603	10
47604	10
47605	10
47606	10
47607	10
47608	10
47609	10
47610	10
47611	10
47612	10
47613	10
47614	10
47615	10
47616	10
47617	10
47618	10
47619	10
47620	10
47621	10
47622	10
47623	10
47624	10
47625	10
47626	10
47627	10
47628	10
47629	10
47630	10
47631	10
47632	10
47633	10
47634	10
47635	10
47636	10
47637	10
47638	10
47639	10
47640	10
47641	10
47642	10
47643	10
47644	10
47645	10
47646	10
47647	10
47648	10
47649	10
47650	10
47651	10
47652	10
47653	10
47654	10
47655	10
47656	10
47657	10
47658	10
47659	10
47660	10
47661	10
47662	10
47663	10
47664	10
47665	10
47666	10
47667	10
47668	10
47669	10
47670	10
47671	10
47672	10
47673	10
47674	10
47675	10
47676	10
47677	10
47678	10
47679	10
47680	10
47681	10
47682	10
47683	10
47684	10
47685	10
47686	10
47687	10
47688	10
47689	10
47690	10
47691	10
47692	10
47693	10
47694	10
47695	10
47696	10
47697	10
47698	10
47699	10
47700	10
47701	10
47702	10
47703	10
47704	10
47705	10
47706	10
47707	10
47708	10
47709	10
47710	10
47711	10
47712	10
47713	10
47714	10
47715	10
47716	10
47717	10
47718	10
47719	10
47720	10
47721	10
47722	10
47723	10
47724	10
47725	10
47726	10
47727	10
47728	10
47729	10
47730	10
47731	10
47732	10
47733	10
47734	10
47735	10
47736	10
47737	10
47738	10
47739	10
47740	10
47741	10
47742	10
47743	10
47744	10
47745	10
47746	10
47747	10
47748	10
47749	10
47750	10
47751	10
47752	10
47753	10
47754	10
47755	10
47756	10
47757	10
47758	10
47759	10
47760	10
47761	10
47762	10
47763	10
47764	10
47765	10
47766	10
47767	10
47768	10
47769	10
47770	10
47771	10
47772	10
47773	10
47774	10
47775	10
47776	10
47777	10
47778	10
47779	10
47780	10
47781	10
47782	10
47783	10
47784	10
47785	10
47786	10
47787	10
47788	10
47789	10
47790	10
47791	10
47792	10
47793	10
47794	10
47795	10
47796	10
47797	10
47798	10
47799	10
47800	10
47801	10
47802	10
47803	10
47804	10
47805	10
47806	10
47807	10
47808	10
47809	10
47810	10
47811	10
47812	10
47813	10
47814	10
47815	10
47816	10
47817	10
47818	10
47819	10
47820	10
47821	10
47822	10
47823	10
47824	10
47825	10
47826	10
47827	10
47828	10
47829	10
47830	10
47831	10
47832	10
47833	10
47834	10
47835	10
47836	10
47837	10
47838	10
47839	10
47840	10
47841	10
47842	10
47843	10
47844	10
47845	10
47846	10
47847	10
47848	10
47849	10
47850	10
47851	10
47852	10
47853	10
47854	10
47855	10
47856	10
47857	10
47858	10
47859	10
47860	10
47861	10
47862	10
47863	10
47864	10
47865	10
47866	10
47867	10
47868	10
47869	10
47870	10
47871	10
47872	10
47873	10
47874	10
47875	10
47876	10
47877	10
47878	10
47879	10
47880	10
47881	10
47882	10
47883	10
47884	10
47885	10
47886	10
47887	10
47888	10
47889	10
47890	10
47891	10
47892	10
47893	10
47894	10
47895	10
47896	10
47897	10
47898	10
47899	10
47900	10
47901	10
47902	10
47903	10
47904	10
47905	10
47906	10
47907	10
47908	10
47909	10
47910	10
47911	10
47912	10
47913	10
47914	10
47915	10
47916	10
47917	10
47918	10
47919	10
47920	10
47921	10
47922	10
47923	10
47924	10
47925	10
47926	10
47927	10
47928	10
47929	10
47930	10
47931	10
47932	10
47933	10
47934	10
47935	10
47936	10
47937	10
47938	10
47939	10
47940	10
47941	10
47942	10
47943	10
47944	10
47945	10
47946	10
47947	10
47948	10
47949	10
47950	10
47951	10
47952	10
47953	10
47954	10
47955	10
47956	10
47957	10
47958	10
47959	10
47960	10
47961	10
47962	10
47963	10
47964	10
47965	10
47966	10
47967	10
47968	10
47969	10
47970	10
47971	10
47972	10
47973	10
47974	10
47975	10
47976	10
47977	10
47978	10
47979	10
47980	10
47981	10
47982	10
47983	10
47984	10
47985	10
47986	10
47987	10
47988	10
47989	10
47990	10
47991	10
47992	10
47993	10
47994	10
47995	10
47996	10
47997	10
47998	10
47999	10
48000	10
48001	10
48002	10
48003	10
48004	10
48005	10
48006	10
48007	10
48008	10
48009	10
48010	10
48011	10
48012	10
48013	10
48014	10
48015	10
48016	10
48017	10
48018	10
48019	10
48020	10
48021	10
48022	10
48023	10
48024	10
48025	10
48026	10
48027	10
48028	10
48029	10
48030	10
48031	10
48032	10
48033	10
48034	10
48035	10
48036	10
48037	10
48038	10
48039	10
48040	10
48041	10
48042	10
48043	10
48044	10
48045	10
48046	10
48047	10
48048	10
48049	10
48050	10
48051	10
48052	10
48053	10
48054	10
48055	10
48056	10
48057	10
48058	10
48059	10
48060	10
48061	10
48062	10
48063	10
48064	10
48065	10
48066	10
48067	10
48068	10
48069	10
48070	10
48071	10
48072	10
48073	10
48074	10
48075	10
48076	10
48077	10
48078	10
48079	10
48080	10
48081	10
48082	10
48083	10
48084	10
48085	10
48086	10
48087	10
48088	10
48089	10
48090	10
48091	10
48092	10
48093	10
48094	10
48095	10
48096	10
48097	10
48098	10
48099	10
48100	10
48101	10
48102	10
48103	10
48104	10
48105	10
48106	10
48107	10
48108	10
48109	10
48110	10
48111	10
48112	10
48113	10
48114	10
48115	10
48116	10
48117	10
48118	10
48119	10
48120	10
48121	10
48122	10
48123	10
48124	10
48125	10
48126	10
48127	10
48128	10
48129	10
48130	10
48131	10
48132	10
48133	10
48134	10
48135	10
48136	10
48137	10
48138	10
48139	10
48140	10
48141	10
48142	10
48143	10
48144	10
48145	10
48146	10
48147	10
48148	10
48149	10
48150	10
48151	10
48152	10
48153	10
48154	10
48155	10
48156	10
48157	10
48158	10
48159	10
48160	10
48161	10
48162	10
48163	10
48164	10
48165	10
48166	10
48167	10
48168	10
48169	10
48170	10
48171	10
48172	10
48173	10
48174	10
48175	10
48176	10
48177	10
48178	10
48179	10
48180	10
48181	10
48182	10
48183	10
48184	10
48185	10
48186	10
48187	10
48188	10
48189	10
48190	10
48191	10
48192	10
48193	10
48194	10
48195	10
48196	10
48197	10
48198	10
48199	10
48200	10
48201	10
48202	10
48203	10
48204	10
48205	10
48206	10
48207	10
48208	10
48209	10
48210	10
48211	10
48212	10
48213	10
48214	10
48215	10
48216	10
48217	10
48218	10
48219	10
48220	10
48221	10
48222	10
48223	10
48224	10
48225	10
48226	10
48227	10
48228	10
48229	10
48230	10
48231	10
48232	10
48233	10
48234	10
48235	10
48236	10
48237	10
48238	10
48239	10
48240	10
48241	10
48242	10
48243	10
48244	10
48245	10
48246	10
48247	10
48248	10
48249	10
48250	10
48251	10
48252	10
48253	10
48254	10
48255	10
48256	10
48257	10
48258	10
48259	10
48260	10
48261	10
48262	10
48263	10
48264	10
48265	10
48266	10
48267	10
48268	10
48269	10
48270	10
48271	10
48272	10
48273	10
48274	10
48275	10
48276	10
48277	10
48278	10
48279	10
48280	10
48281	10
48282	10
48283	10
48284	10
48285	10
48286	10
48287	10
48288	10
48289	10
48290	10
48291	10
48292	10
48293	10
48294	10
48295	10
48296	10
48297	10
48298	10
48299	10
48300	10
48301	10
48302	10
48303	10
48304	10
48305	10
48306	10
48307	10
48308	10
48309	10
48310	10
48311	10
48312	10
48313	10
48314	10
48315	10
48316	10
48317	10
48318	10
48319	10
48320	10
48321	10
48322	10
48323	10
48324	10
48325	10
48326	10
48327	10
48328	10
48329	10
48330	10
48331	10
48332	10
48333	10
48334	10
48335	10
48336	10
48337	10
48338	10
48339	10
48340	10
48341	10
48342	10
48343	10
48344	10
48345	10
48346	10
48347	10
48348	10
48349	10
48350	10
48351	10
48352	10
48353	10
48354	10
48355	10
48356	10
48357	10
48358	10
48359	10
48360	10
48361	10
48362	10
48363	10
48364	10
48365	10
48366	10
48367	10
48368	10
48369	10
48370	10
48371	10
48372	10
48373	10
48374	10
48375	10
48376	10
48377	10
48378	10
48379	10
48380	10
48381	10
48382	10
48383	10
48384	10
48385	10
48386	10
48387	10
48388	10
48389	10
48390	10
48391	10
48392	10
48393	10
48394	10
48395	10
48396	10
48397	10
48398	10
48399	10
48400	10
48401	10
48402	10
48403	10
48404	10
48405	10
48406	10
48407	10
48408	10
48409	10
48410	10
48411	10
48412	10
48413	10
48414	10
48415	10
48416	10
48417	10
48418	10
48419	10
48420	10
48421	10
48422	10
48423	10
48424	10
48425	10
48426	10
48427	10
48428	10
48429	10
48430	10
48431	10
48432	10
48433	10
48434	10
48435	10
48436	10
48437	10
48438	10
48439	10
48440	10
48441	10
48442	10
48443	10
48444	10
48445	10
48446	10
48447	10
48448	10
48449	10
48450	10
48451	10
48452	10
48453	10
48454	10
48455	10
48456	10
48457	10
48458	10
48459	10
48460	10
48461	10
48462	10
48463	10
48464	10
48465	10
48466	10
48467	10
48468	10
48469	10
48470	10
48471	10
48472	10
48473	10
48474	10
48475	10
48476	10
48477	10
48478	10
48479	10
48480	10
48481	10
48482	10
48483	10
48484	10
48485	10
48486	10
48487	10
48488	10
48489	10
48490	10
48491	10
48492	10
48493	10
48494	10
48495	10
48496	10
48497	10
48498	10
48499	10
48500	10
48501	10
48502	10
48503	10
48504	10
48505	10
48506	10
48507	10
48508	10
48509	10
48510	10
48511	10
48512	10
48513	10
48514	10
48515	10
48516	10
48517	10
48518	10
48519	10
48520	10
48521	10
48522	10
48523	10
48524	10
48525	10
48526	10
48527	10
48528	10
48529	10
48530	10
48531	10
48532	10
48533	10
48534	10
48535	10
48536	10
48537	10
48538	10
48539	10
48540	10
48541	10
48542	10
48543	10
48544	10
48545	10
48546	10
48547	10
48548	10
48549	10
48550	10
48551	10
48552	10
48553	10
48554	10
48555	10
48556	10
48557	10
48558	10
48559	10
48560	10
48561	10
48562	10
48563	10
48564	10
48565	10
48566	10
48567	10
48568	10
48569	10
48570	10
48571	10
48572	10
48573	10
48574	10
48575	10
48576	10
48577	10
48578	10
48579	10
48580	10
48581	10
48582	10
48583	10
48584	10
48585	10
48586	10
48587	10
48588	10
48589	10
48590	10
48591	10
48592	10
48593	10
48594	10
48595	10
48596	10
48597	10
48598	10
48599	10
48600	10
48601	10
48602	10
48603	10
48604	10
48605	10
48606	10
48607	10
48608	10
48609	10
48610	10
48611	10
48612	10
48613	10
48614	10
48615	10
48616	10
48617	10
48618	10
48619	10
48620	10
48621	10
48622	10
48623	10
48624	10
48625	10
48626	10
48627	10
48628	10
48629	10
48630	10
48631	10
48632	10
48633	10
48634	10
48635	10
48636	10
48637	10
48638	10
48639	10
48640	10
48641	10
48642	10
48643	10
48644	10
48645	10
48646	10
48647	10
48648	10
48649	10
48650	10
48651	10
48652	10
48653	10
48654	10
48655	10
48656	10
48657	10
48658	10
48659	10
48660	10
48661	10
48662	10
48663	10
48664	10
48665	10
48666	10
48667	10
48668	10
48669	10
48670	10
48671	10
48672	10
48673	10
48674	10
48675	10
48676	10
48677	10
48678	10
48679	10
48680	10
48681	10
48682	10
48683	10
48684	10
48685	10
48686	10
48687	10
48688	10
48689	10
48690	10
48691	10
48692	10
48693	10
48694	10
48695	10
48696	10
48697	10
48698	10
48699	10
48700	10
48701	10
48702	10
48703	10
48704	10
48705	10
48706	10
48707	10
48708	10
48709	10
48710	10
48711	10
48712	10
48713	10
48714	10
48715	10
48716	10
48717	10
48718	10
48719	10
48720	10
48721	10
48722	10
48723	10
48724	10
48725	10
48726	10
48727	10
48728	10
48729	10
48730	10
48731	10
48732	10
48733	10
48734	10
48735	10
48736	10
48737	10
48738	10
48739	10
48740	10
48741	10
48742	10
48743	10
48744	10
48745	10
48746	10
48747	10
48748	10
48749	10
48750	10
48751	10
48752	10
48753	10
48754	10
48755	10
48756	10
48757	10
48758	10
48759	10
48760	10
48761	10
48762	10
48763	10
48764	10
48765	10
48766	10
48767	10
48768	10
48769	10
48770	10
48771	10
48772	10
48773	10
48774	10
48775	10
48776	10
48777	10
48778	10
48779	10
48780	10
48781	10
48782	10
48783	10
48784	10
48785	10
48786	10
48787	10
48788	10
48789	10
48790	10
48791	10
48792	10
48793	10
48794	10
48795	10
48796	10
48797	10
48798	10
48799	10
48800	10
48801	10
48802	10
48803	10
48804	10
48805	10
48806	10
48807	10
48808	10
48809	10
48810	10
48811	10
48812	10
48813	10
48814	10
48815	10
48816	10
48817	10
48818	10
48819	10
48820	10
48821	10
48822	10
48823	10
48824	10
48825	10
48826	10
48827	10
48828	10
48829	10
48830	10
48831	10
48832	10
48833	10
48834	10
48835	10
48836	10
48837	10
48838	10
48839	10
48840	10
48841	10
48842	10
48843	10
48844	10
48845	10
48846	10
48847	10
48848	10
48849	10
48850	10
48851	10
48852	10
48853	10
48854	10
48855	10
48856	10
48857	10
48858	10
48859	10
48860	10
48861	10
48862	10
48863	10
48864	10
48865	10
48866	10
48867	10
48868	10
48869	10
48870	10
48871	10
48872	10
48873	10
48874	10
48875	10
48876	10
48877	10
48878	10
48879	10
48880	10
48881	10
48882	10
48883	10
48884	10
48885	10
48886	10
48887	10
48888	10
48889	10
48890	10
48891	10
48892	10
48893	10
48894	10
48895	10
48896	10
48897	10
48898	10
48899	10
48900	10
48901	10
48902	10
48903	10
48904	10
48905	10
48906	10
48907	10
48908	10
48909	10
48910	10
48911	10
48912	10
48913	10
48914	10
48915	10
48916	10
48917	10
48918	10
48919	10
48920	10
48921	10
48922	10
48923	10
48924	10
48925	10
48926	10
48927	10
48928	10
48929	10
48930	10
48931	10
48932	10
48933	10
48934	10
48935	10
48936	10
48937	10
48938	10
48939	10
48940	10
48941	10
48942	10
48943	10
48944	10
48945	10
48946	10
48947	10
48948	10
48949	10
48950	10
48951	10
48952	10
48953	10
48954	10
48955	10
48956	10
48957	10
48958	10
48959	10
48960	10
48961	10
48962	10
48963	10
48964	10
48965	10
48966	10
48967	10
48968	10
48969	10
48970	10
48971	10
48972	10
48973	10
48974	10
48975	10
48976	10
48977	10
48978	10
48979	10
48980	10
48981	10
48982	10
48983	10
48984	10
48985	10
48986	10
48987	10
48988	10
48989	10
48990	10
48991	10
48992	10
48993	10
48994	10
48995	10
48996	10
48997	10
48998	10
48999	10
49000	10
49001	10
49002	10
49003	10
49004	10
49005	10
49006	10
49007	10
49008	10
49009	10
49010	10
49011	10
49012	10
49013	10
49014	10
49015	10
49016	10
49017	10
49018	10
49019	10
49020	10
49021	10
49022	10
49023	10
49024	10
49025	10
49026	10
49027	10
49028	10
49029	10
49030	10
49031	10
49032	10
49033	10
49034	10
49035	10
49036	10
49037	10
49038	10
49039	10
49040	10
49041	10
49042	10
49043	10
49044	10
49045	10
49046	10
49047	10
49048	10
49049	10
49050	10
49051	10
49052	10
49053	10
49054	10
49055	10
49056	10
49057	10
49058	10
49059	10
49060	10
49061	10
49062	10
49063	10
49064	10
49065	10
49066	10
49067	10
49068	10
49069	10
49070	10
49071	10
49072	10
49073	10
49074	10
49075	10
49076	10
49077	10
49078	10
49079	10
49080	10
49081	10
49082	10
49083	10
49084	10
49085	10
49086	10
49087	10
49088	10
49089	10
49090	10
49091	10
49092	10
49093	10
49094	10
49095	10
49096	10
49097	10
49098	10
49099	10
49100	10
49101	10
49102	10
49103	10
49104	10
49105	10
49106	10
49107	10
49108	10
49109	10
49110	10
49111	10
49112	10
49113	10
49114	10
49115	10
49116	10
49117	10
49118	10
49119	10
49120	10
49121	10
49122	10
49123	10
49124	10
49125	10
49126	10
49127	10
49128	10
49129	10
49130	10
49131	10
49132	10
49133	10
49134	10
49135	10
49136	10
49137	10
49138	10
49139	10
49140	10
49141	10
49142	10
49143	10
49144	10
49145	10
49146	10
49147	10
49148	10
49149	10
49150	10
49151	10
49152	10
49153	10
49154	10
49155	10
49156	10
49157	10
49158	10
49159	10
49160	10
49161	10
49162	10
49163	10
49164	10
49165	10
49166	10
49167	10
49168	10
49169	10
49170	10
49171	10
49172	10
49173	10
49174	10
49175	10
49176	10
49177	10
49178	10
49179	10
49180	10
49181	10
49182	10
49183	10
49184	10
49185	10
49186	10
49187	10
49188	10
49189	10
49190	10
49191	10
49192	10
49193	10
49194	10
49195	10
49196	10
49197	10
49198	10
49199	10
49200	10
49201	10
49202	10
49203	10
49204	10
49205	10
49206	10
49207	10
49208	10
49209	10
49210	10
49211	10
49212	10
49213	10
49214	10
49215	10
49216	10
49217	10
49218	10
49219	10
49220	10
49221	10
49222	10
49223	10
49224	10
49225	10
49226	10
49227	10
49228	10
49229	10
49230	10
49231	10
49232	10
49233	10
49234	10
49235	10
49236	10
49237	10
49238	10
49239	10
49240	10
49241	10
49242	10
49243	10
49244	10
49245	10
49246	10
49247	10
49248	10
49249	10
49250	10
49251	10
49252	10
49253	10
49254	10
49255	10
49256	10
49257	10
49258	10
49259	10
49260	10
49261	10
49262	10
49263	10
49264	10
49265	10
49266	10
49267	10
49268	10
49269	10
49270	10
49271	10
49272	10
49273	10
49274	10
49275	10
49276	10
49277	10
49278	10
49279	10
49280	10
49281	10
49282	10
49283	10
49284	10
49285	10
49286	10
49287	10
49288	10
49289	10
49290	10
49291	10
49292	10
49293	10
49294	10
49295	10
49296	10
49297	10
49298	10
49299	10
49300	10
49301	10
49302	10
49303	10
49304	10
49305	10
49306	10
49307	10
49308	10
49309	10
49310	10
49311	10
49312	10
49313	10
49314	10
49315	10
49316	10
49317	10
49318	10
49319	10
49320	10
49321	10
49322	10
49323	10
49324	10
49325	10
49326	10
49327	10
49328	10
49329	10
49330	10
49331	10
49332	10
49333	10
49334	10
49335	10
49336	10
49337	10
49338	10
49339	10
49340	10
49341	10
49342	10
49343	10
49344	10
49345	10
49346	10
49347	10
49348	10
49349	10
49350	10
49351	10
49352	10
49353	10
49354	10
49355	10
49356	10
49357	10
49358	10
49359	10
49360	10
49361	10
49362	10
49363	10
49364	10
49365	10
49366	10
49367	10
49368	10
49369	10
49370	10
49371	10
49372	10
49373	10
49374	10
49375	10
49376	10
49377	10
49378	10
49379	10
49380	10
49381	10
49382	10
49383	10
49384	10
49385	10
49386	10
49387	10
49388	10
49389	10
49390	10
49391	10
49392	10
49393	10
49394	10
49395	10
49396	10
49397	10
49398	10
49399	10
49400	10
49401	10
49402	10
49403	10
49404	10
49405	10
49406	10
49407	10
49408	10
49409	10
49410	10
49411	10
49412	10
49413	10
49414	10
49415	10
49416	10
49417	10
49418	10
49419	10
49420	10
49421	10
49422	10
49423	10
49424	10
49425	10
49426	10
49427	10
49428	10
49429	10
49430	10
49431	10
49432	10
49433	10
49434	10
49435	10
49436	10
49437	10
49438	10
49439	10
49440	10
49441	10
49442	10
49443	10
49444	10
49445	10
49446	10
49447	10
49448	10
49449	10
49450	10
49451	10
49452	10
49453	10
49454	10
49455	10
49456	10
49457	10
49458	10
49459	10
49460	10
49461	10
49462	10
49463	10
49464	10
49465	10
49466	10
49467	10
49468	10
49469	10
49470	10
49471	10
49472	10
49473	10
49474	10
49475	10
49476	10
49477	10
49478	10
49479	10
49480	10
49481	10
49482	10
49483	10
49484	10
49485	10
49486	10
49487	10
49488	10
49489	10
49490	10
49491	10
49492	10
49493	10
49494	10
49495	10
49496	10
49497	10
49498	10
49499	10
49500	10
49501	10
49502	10
49503	10
49504	10
49505	10
49506	10
49507	10
49508	10
49509	10
49510	10
49511	10
49512	10
49513	10
49514	10
49515	10
49516	10
49517	10
49518	10
49519	10
49520	10
49521	10
49522	10
49523	10
49524	10
49525	10
49526	10
49527	10
49528	10
49529	10
49530	10
49531	10
49532	10
49533	10
49534	10
49535	10
49536	10
49537	10
49538	10
49539	10
49540	10
49541	10
49542	10
49543	10
49544	10
49545	10
49546	10
49547	10
49548	10
49549	10
49550	10
49551	10
49552	10
49553	10
49554	10
49555	10
49556	10
49557	10
49558	10
49559	10
49560	10
49561	10
49562	10
49563	10
49564	10
49565	10
49566	10
49567	10
49568	10
49569	10
49570	10
49571	10
49572	10
49573	10
49574	10
49575	10
49576	10
49577	10
49578	10
49579	10
49580	10
49581	10
49582	10
49583	10
49584	10
49585	10
49586	10
49587	10
49588	10
49589	10
49590	10
49591	10
49592	10
49593	10
49594	10
49595	10
49596	10
49597	10
49598	10
49599	10
49600	10
49601	10
49602	10
49603	10
49604	10
49605	10
49606	10
49607	10
49608	10
49609	10
49610	10
49611	10
49612	10
49613	10
49614	10
49615	10
49616	10
49617	10
49618	10
49619	10
49620	10
49621	10
49622	10
49623	10
49624	10
49625	10
49626	10
49627	10
49628	10
49629	10
49630	10
49631	10
49632	10
49633	10
49634	10
49635	10
49636	10
49637	10
49638	10
49639	10
49640	10
49641	10
49642	10
49643	10
49644	10
49645	10
49646	10
49647	10
49648	10
49649	10
49650	10
49651	10
49652	10
49653	10
49654	10
49655	10
49656	10
49657	10
49658	10
49659	10
49660	10
49661	10
49662	10
49663	10
49664	10
49665	10
49666	10
49667	10
49668	10
49669	10
49670	10
49671	10
49672	10
49673	10
49674	10
49675	10
49676	10
49677	10
49678	10
49679	10
49680	10
49681	10
49682	10
49683	10
49684	10
49685	10
49686	10
49687	10
49688	10
49689	10
49690	10
49691	10
49692	10
49693	10
49694	10
49695	10
49696	10
49697	10
49698	10
49699	10
49700	10
49701	10
49702	10
49703	10
49704	10
49705	10
49706	10
49707	10
49708	10
49709	10
49710	10
49711	10
49712	10
49713	10
49714	10
49715	10
49716	10
49717	10
49718	10
49719	10
49720	10
49721	10
49722	10
49723	10
49724	10
49725	10
49726	10
49727	10
49728	10
49729	10
49730	10
49731	10
49732	10
49733	10
49734	10
49735	10
49736	10
49737	10
49738	10
49739	10
49740	10
49741	10
49742	10
49743	10
49744	10
49745	10
49746	10
49747	10
49748	10
49749	10
49750	10
49751	10
49752	10
49753	10
49754	10
49755	10
49756	10
49757	10
49758	10
49759	10
49760	10
49761	10
49762	10
49763	10
49764	10
49765	10
49766	10
49767	10
49768	10
49769	10
49770	10
49771	10
49772	10
49773	10
49774	10
49775	10
49776	10
49777	10
49778	10
49779	10
49780	10
49781	10
49782	10
49783	10
49784	10
49785	10
49786	10
49787	10
49788	10
49789	10
49790	10
49791	10
49792	10
49793	10
49794	10
49795	10
49796	10
49797	10
49798	10
49799	10
49800	10
49801	10
49802	10
49803	10
49804	10
49805	10
49806	10
49807	10
49808	10
49809	10
49810	10
49811	10
49812	10
49813	10
49814	10
49815	10
49816	10
49817	10
49818	10
49819	10
49820	10
49821	10
49822	10
49823	10
49824	10
49825	10
49826	10
49827	10
49828	10
49829	10
49830	10
49831	10
49832	10
49833	10
49834	10
49835	10
49836	10
49837	10
49838	10
49839	10
49840	10
49841	10
49842	10
49843	10
49844	10
49845	10
49846	10
49847	10
49848	10
49849	10
49850	10
49851	10
49852	10
49853	10
49854	10
49855	10
49856	10
49857	10
49858	10
49859	10
49860	10
49861	10
49862	10
49863	10
49864	10
49865	10
49866	10
49867	10
49868	10
49869	10
49870	10
49871	10
49872	10
49873	10
49874	10
49875	10
49876	10
49877	10
49878	10
49879	10
49880	10
49881	10
49882	10
49883	10
49884	10
49885	10
49886	10
49887	10
49888	10
49889	10
49890	10
49891	10
49892	10
49893	10
49894	10
49895	10
49896	10
49897	10
49898	10
49899	10
49900	10
49901	10
49902	10
49903	10
49904	10
49905	10
49906	10
49907	10
49908	10
49909	10
49910	10
49911	10
49912	10
49913	10
49914	10
49915	10
49916	10
49917	10
49918	10
49919	10
49920	10
49921	10
49922	10
49923	10
49924	10
49925	10
49926	10
49927	10
49928	10
49929	10
49930	10
49931	10
49932	10
49933	10
49934	10
49935	10
49936	10
49937	10
49938	10
49939	10
49940	10
49941	10
49942	10
49943	10
49944	10
49945	10
49946	10
49947	10
49948	10
49949	10
49950	10
49951	10
49952	10
49953	10
49954	10
49955	10
49956	10
49957	10
49958	10
49959	10
49960	10
49961	10
49962	10
49963	10
49964	10
49965	10
49966	10
49967	10
49968	10
49969	10
49970	10
49971	10
49972	10
49973	10
49974	10
49975	10
49976	10
49977	10
49978	10
49979	10
49980	10
49981	10
49982	10
49983	10
49984	10
49985	10
49986	10
49987	10
49988	10
49989	10
49990	10
49991	10
49992	10
49993	10
49994	10
49995	10
49996	10
49997	10
49998	10
49999	10
50000	10
50001	10
50002	10
50003	10
50004	10
50005	10
50006	10
50007	10
50008	10
50009	10
50010	10
50011	10
50012	10
50013	10
50014	10
50015	10
50016	10
50017	10
50018	10
50019	10
50020	10
50021	10
50022	10
50023	10
50024	10
50025	10
50026	10
50027	10
50028	10
50029	10
50030	10
50031	10
50032	10
50033	10
50034	10
50035	10
50036	10
50037	10
50038	10
50039	10
50040	10
50041	10
50042	10
50043	10
50044	10
50045	10
50046	10
50047	10
50048	10
50049	10
50050	10
50051	10
50052	10
50053	10
50054	10
50055	10
50056	10
50057	10
50058	10
50059	10
50060	10
50061	10
50062	10
50063	10
50064	10
50065	10
50066	10
50067	10
50068	10
50069	10
50070	10
50071	10
50072	10
50073	10
50074	10
50075	10
50076	10
50077	10
50078	10
50079	10
50080	10
50081	10
50082	10
50083	10
50084	10
50085	10
50086	10
50087	10
50088	10
50089	10
50090	10
50091	10
50092	10
50093	10
50094	10
50095	10
50096	10
50097	10
50098	10
50099	10
50100	10
50101	10
50102	10
50103	10
50104	10
50105	10
50106	10
50107	10
50108	10
50109	10
50110	10
50111	10
50112	10
50113	10
50114	10
50115	10
50116	10
50117	10
50118	10
50119	10
50120	10
50121	10
50122	10
50123	10
50124	10
50125	10
50126	10
50127	10
50128	10
50129	10
50130	10
50131	10
50132	10
50133	10
50134	10
50135	10
50136	10
50137	10
50138	10
50139	10
50140	10
50141	10
50142	10
50143	10
50144	10
50145	10
50146	10
50147	10
50148	10
50149	10
50150	10
50151	10
50152	10
50153	10
50154	10
50155	10
50156	10
50157	10
50158	10
50159	10
50160	10
50161	10
50162	10
50163	10
50164	10
50165	10
50166	10
50167	10
50168	10
50169	10
50170	10
50171	10
50172	10
50173	10
50174	10
50175	10
50176	10
50177	10
50178	10
50179	10
50180	10
50181	10
50182	10
50183	10
50184	10
50185	10
50186	10
50187	10
50188	10
50189	10
50190	10
50191	10
50192	10
50193	10
50194	10
50195	10
50196	10
50197	10
50198	10
50199	10
50200	10
50201	10
50202	10
50203	10
50204	10
50205	10
50206	10
50207	10
50208	10
50209	10
50210	10
50211	10
50212	10
50213	10
50214	10
50215	10
50216	10
50217	10
50218	10
50219	10
50220	10
50221	10
50222	10
50223	10
50224	10
50225	10
50226	10
50227	10
50228	10
50229	10
50230	10
50231	10
50232	10
50233	10
50234	10
50235	10
50236	10
50237	10
50238	10
50239	10
50240	10
50241	10
50242	10
50243	10
50244	10
50245	10
50246	10
50247	10
50248	10
50249	10
50250	10
50251	10
50252	10
50253	10
50254	10
50255	10
50256	10
50257	10
50258	10
50259	10
50260	10
50261	10
50262	10
50263	10
50264	10
50265	10
50266	10
50267	10
50268	10
50269	10
50270	10
50271	10
50272	10
50273	10
50274	10
50275	10
50276	10
50277	10
50278	10
50279	10
50280	10
50281	10
50282	10
50283	10
50284	10
50285	10
50286	10
50287	10
50288	10
50289	10
50290	10
50291	10
50292	10
50293	10
50294	10
50295	10
50296	10
50297	10
50298	10
50299	10
50300	10
50301	10
50302	10
50303	10
50304	10
50305	10
50306	10
50307	10
50308	10
50309	10
50310	10
50311	10
50312	10
50313	10
50314	10
50315	10
50316	10
50317	10
50318	10
50319	10
50320	10
50321	10
50322	10
50323	10
50324	10
50325	10
50326	10
50327	10
50328	10
50329	10
50330	10
50331	10
50332	10
50333	10
50334	10
50335	10
50336	10
50337	10
50338	10
50339	10
50340	10
50341	10
50342	10
50343	10
50344	10
50345	10
50346	10
50347	10
50348	10
50349	10
50350	10
50351	10
50352	10
50353	10
50354	10
50355	10
50356	10
50357	10
50358	10
50359	10
50360	10
50361	10
50362	10
50363	10
50364	10
50365	10
50366	10
50367	10
50368	10
50369	10
50370	10
50371	10
50372	10
50373	10
50374	10
50375	10
50376	10
50377	10
50378	10
50379	10
50380	10
50381	10
50382	10
50383	10
50384	10
50385	10
50386	10
50387	10
50388	10
50389	10
50390	10
50391	10
50392	10
50393	10
50394	10
50395	10
50396	10
50397	10
50398	10
50399	10
50400	10
50401	10
50402	10
50403	10
50404	10
50405	10
50406	10
50407	10
50408	10
50409	10
50410	10
50411	10
50412	10
50413	10
50414	10
50415	10
50416	10
50417	10
50418	10
50419	10
50420	10
50421	10
50422	10
50423	10
50424	10
50425	10
50426	10
50427	10
50428	10
50429	10
50430	10
50431	10
50432	10
50433	10
50434	10
50435	10
50436	10
50437	10
50438	10
50439	10
50440	10
50441	10
50442	10
50443	10
50444	10
50445	10
50446	10
50447	10
50448	10
50449	10
50450	10
50451	10
50452	10
50453	10
50454	10
50455	10
50456	10
50457	10
50458	10
50459	10
50460	10
50461	10
50462	10
50463	10
50464	10
50465	10
50466	10
50467	10
50468	10
50469	10
50470	10
50471	10
50472	10
50473	10
50474	10
50475	10
50476	10
50477	10
50478	10
50479	10
50480	10
50481	10
50482	10
50483	10
50484	10
50485	10
50486	10
50487	10
50488	10
50489	10
50490	10
50491	10
50492	10
50493	10
50494	10
50495	10
50496	10
50497	10
50498	10
50499	10
50500	10
50501	10
50502	10
50503	10
50504	10
50505	10
50506	10
50507	10
50508	10
50509	10
50510	10
50511	10
50512	10
50513	10
50514	10
50515	10
50516	10
50517	10
50518	10
50519	10
50520	10
50521	10
50522	10
50523	10
50524	10
50525	10
50526	10
50527	10
50528	10
50529	10
50530	10
50531	10
50532	10
50533	10
50534	10
50535	10
50536	10
50537	10
50538	10
50539	10
50540	10
50541	10
50542	10
50543	10
50544	10
50545	10
50546	10
50547	10
50548	10
50549	10
50550	10
50551	10
50552	10
50553	10
50554	10
50555	10
50556	10
50557	10
50558	10
50559	10
50560	10
50561	10
50562	10
50563	10
50564	10
50565	10
50566	10
50567	10
50568	10
50569	10
50570	10
50571	10
50572	10
50573	10
50574	10
50575	10
50576	10
50577	10
50578	10
50579	10
50580	10
50581	10
50582	10
50583	10
50584	10
50585	10
50586	10
50587	10
50588	10
50589	10
50590	10
50591	10
50592	10
50593	10
50594	10
50595	10
50596	10
50597	10
50598	10
50599	10
50600	10
50601	10
50602	10
50603	10
50604	10
50605	10
50606	10
50607	10
50608	10
50609	10
50610	10
50611	10
50612	10
50613	10
50614	10
50615	10
50616	10
50617	10
50618	10
50619	10
50620	10
50621	10
50622	10
50623	10
50624	10
50625	10
50626	10
50627	10
50628	10
50629	10
50630	10
50631	10
50632	10
50633	10
50634	10
50635	10
50636	10
50637	10
50638	10
50639	10
50640	10
50641	10
50642	10
50643	10
50644	10
50645	10
50646	10
50647	10
50648	10
50649	10
50650	10
50651	10
50652	10
50653	10
50654	10
50655	10
50656	10
50657	10
50658	10
50659	10
50660	10
50661	10
50662	10
50663	10
50664	10
50665	10
50666	10
50667	10
50668	10
50669	10
50670	10
50671	10
50672	10
50673	10
50674	10
50675	10
50676	10
50677	10
50678	10
50679	10
50680	10
50681	10
50682	10
50683	10
50684	10
50685	10
50686	10
50687	10
50688	10
50689	10
50690	10
50691	10
50692	10
50693	10
50694	10
50695	10
50696	10
50697	10
50698	10
50699	10
50700	10
50701	10
50702	10
50703	10
50704	10
50705	10
50706	10
50707	10
50708	10
50709	10
50710	10
50711	10
50712	10
50713	10
50714	10
50715	10
50716	10
50717	10
50718	10
50719	10
50720	10
50721	10
50722	10
50723	10
50724	10
50725	10
50726	10
50727	10
50728	10
50729	10
50730	10
50731	10
50732	10
50733	10
50734	10
50735	10
50736	10
50737	10
50738	10
50739	10
50740	10
50741	10
50742	10
50743	10
50744	10
50745	10
50746	10
50747	10
50748	10
50749	10
50750	10
50751	10
50752	10
50753	10
50754	10
50755	10
50756	10
50757	10
50758	10
50759	10
50760	10
50761	10
50762	10
50763	10
50764	10
50765	10
50766	10
50767	10
50768	10
50769	10
50770	10
50771	10
50772	10
50773	10
50774	10
50775	10
50776	10
50777	10
50778	10
50779	10
50780	10
50781	10
50782	10
50783	10
50784	10
50785	10
50786	10
50787	10
50788	10
50789	10
50790	10
50791	10
50792	10
50793	10
50794	10
50795	10
50796	10
50797	10
50798	10
50799	10
50800	10
50801	10
50802	10
50803	10
50804	10
50805	10
50806	10
50807	10
50808	10
50809	10
50810	10
50811	10
50812	10
50813	10
50814	10
50815	10
50816	10
50817	10
50818	10
50819	10
50820	10
50821	10
50822	10
50823	10
50824	10
50825	10
50826	10
50827	10
50828	10
50829	10
50830	10
50831	10
50832	10
50833	10
50834	10
50835	10
50836	10
50837	10
50838	10
50839	10
50840	10
50841	10
50842	10
50843	10
50844	10
50845	10
50846	10
50847	10
50848	10
50849	10
50850	10
50851	10
50852	10
50853	10
50854	10
50855	10
50856	10
50857	10
50858	10
50859	10
50860	10
50861	10
50862	10
50863	10
50864	10
50865	10
50866	10
50867	10
50868	10
50869	10
50870	10
50871	10
50872	10
50873	10
50874	10
50875	10
50876	10
50877	10
50878	10
50879	10
50880	10
50881	10
50882	10
50883	10
50884	10
50885	10
50886	10
50887	10
50888	10
50889	10
50890	10
50891	10
50892	10
50893	10
50894	10
50895	10
50896	10
50897	10
50898	10
50899	10
50900	10
50901	10
50902	10
50903	10
50904	10
50905	10
50906	10
50907	10
50908	10
50909	10
50910	10
50911	10
50912	10
50913	10
50914	10
50915	10
50916	10
50917	10
50918	10
50919	10
50920	10
50921	10
50922	10
50923	10
50924	10
50925	10
50926	10
50927	10
50928	10
50929	10
50930	10
50931	10
50932	10
50933	10
50934	10
50935	10
50936	10
50937	10
50938	10
50939	10
50940	10
50941	10
50942	10
50943	10
50944	10
50945	10
50946	10
50947	10
50948	10
50949	10
50950	10
50951	10
50952	10
50953	10
50954	10
50955	10
50956	10
50957	10
50958	10
50959	10
50960	10
50961	10
50962	10
50963	10
50964	10
50965	10
50966	10
50967	10
50968	10
50969	10
50970	10
50971	10
50972	10
50973	10
50974	10
50975	10
50976	10
50977	10
50978	10
50979	10
50980	10
50981	10
50982	10
50983	10
50984	10
50985	10
50986	10
50987	10
50988	10
50989	10
50990	10
50991	10
50992	10
50993	10
50994	10
50995	10
50996	10
50997	10
50998	10
50999	10
51000	10
51001	10
51002	10
51003	10
51004	10
51005	10
51006	10
51007	10
51008	10
51009	10
51010	10
51011	10
51012	10
51013	10
51014	10
51015	10
51016	10
51017	10
51018	10
51019	10
51020	10
51021	10
51022	10
51023	10
51024	10
51025	10
51026	10
51027	10
51028	10
51029	10
51030	10
51031	10
51032	10
51033	10
51034	10
51035	10
51036	10
51037	10
51038	10
51039	10
51040	10
51041	10
51042	10
51043	10
51044	10
51045	10
51046	10
51047	10
51048	10
51049	10
51050	10
51051	10
51052	10
51053	10
51054	10
51055	10
51056	10
51057	10
51058	10
51059	10
51060	10
51061	10
51062	10
51063	10
51064	10
51065	10
51066	10
51067	10
51068	10
51069	10
51070	10
51071	10
51072	10
51073	10
51074	10
51075	10
51076	10
51077	10
51078	10
51079	10
51080	10
51081	10
51082	10
51083	10
51084	10
51085	10
51086	10
51087	10
51088	10
51089	10
51090	10
51091	10
51092	10
51093	10
51094	10
51095	10
51096	10
51097	10
51098	10
51099	10
51100	10
51101	10
51102	10
51103	10
51104	10
51105	10
51106	10
51107	10
51108	10
51109	10
51110	10
51111	10
51112	10
51113	10
51114	10
51115	10
51116	10
51117	10
51118	10
51119	10
51120	10
51121	10
51122	10
51123	10
51124	10
51125	10
51126	10
51127	10
51128	10
51129	10
51130	10
51131	10
51132	10
51133	10
51134	10
51135	10
51136	10
51137	10
51138	10
51139	10
51140	10
51141	10
51142	10
51143	10
51144	10
51145	10
51146	10
51147	10
51148	10
51149	10
51150	10
51151	10
51152	10
51153	10
51154	10
51155	10
51156	10
51157	10
51158	10
51159	10
51160	10
51161	10
51162	10
51163	10
51164	10
51165	10
51166	10
51167	10
51168	10
51169	10
51170	10
51171	10
51172	10
51173	10
51174	10
51175	10
51176	10
51177	10
51178	10
51179	10
51180	10
51181	10
51182	10
51183	10
51184	10
51185	10
51186	10
51187	10
51188	10
51189	10
51190	10
51191	10
51192	10
51193	10
51194	10
51195	10
51196	10
51197	10
51198	10
51199	10
51200	10
51201	10
51202	10
51203	10
51204	10
51205	10
51206	10
51207	10
51208	10
51209	10
51210	10
51211	10
51212	10
51213	10
51214	10
51215	10
51216	10
51217	10
51218	10
51219	10
51220	10
51221	10
51222	10
51223	10
51224	10
51225	10
51226	10
51227	10
51228	10
51229	10
51230	10
51231	10
51232	10
51233	10
51234	10
51235	10
51236	10
51237	10
51238	10
51239	10
51240	10
51241	10
51242	10
51243	10
51244	10
51245	10
51246	10
51247	10
51248	10
51249	10
51250	10
51251	10
51252	10
51253	10
51254	10
51255	10
51256	10
51257	10
51258	10
51259	10
51260	10
51261	10
51262	10
51263	10
51264	10
51265	10
51266	10
51267	10
51268	10
51269	10
51270	10
51271	10
51272	10
51273	10
51274	10
51275	10
51276	10
51277	10
51278	10
51279	10
51280	10
51281	10
51282	10
51283	10
51284	10
51285	10
51286	10
51287	10
51288	10
51289	10
51290	10
51291	10
51292	10
51293	10
51294	10
51295	10
51296	10
51297	10
51298	10
51299	10
51300	10
51301	10
51302	10
51303	10
51304	10
51305	10
51306	10
51307	10
51308	10
51309	10
51310	10
51311	10
51312	10
51313	10
51314	10
51315	10
51316	10
51317	10
51318	10
51319	10
51320	10
51321	10
51322	10
51323	10
51324	10
51325	10
51326	10
51327	10
51328	10
51329	10
51330	10
51331	10
51332	10
51333	10
51334	10
51335	10
51336	10
51337	10
51338	10
51339	10
51340	10
51341	10
51342	10
51343	10
51344	10
51345	10
51346	10
51347	10
51348	10
51349	10
51350	10
51351	10
51352	10
51353	10
51354	10
51355	10
51356	10
51357	10
51358	10
51359	10
51360	10
51361	10
51362	10
51363	10
51364	10
51365	10
51366	10
51367	10
51368	10
51369	10
51370	10
51371	10
51372	10
51373	10
51374	10
51375	10
51376	10
51377	10
51378	10
51379	10
51380	10
51381	10
51382	10
51383	10
51384	10
51385	10
51386	10
51387	10
51388	10
51389	10
51390	10
51391	10
51392	10
51393	10
51394	10
51395	10
51396	10
51397	10
51398	10
51399	10
51400	10
51401	10
51402	10
51403	10
51404	10
51405	10
51406	10
51407	10
51408	10
51409	10
51410	10
51411	10
51412	10
51413	10
51414	10
51415	10
51416	10
51417	10
51418	10
51419	10
51420	10
51421	10
51422	10
51423	10
51424	10
51425	10
51426	10
51427	10
51428	10
51429	10
51430	10
51431	10
51432	10
51433	10
51434	10
51435	10
51436	10
51437	10
51438	10
51439	10
51440	10
51441	10
51442	10
51443	10
51444	10
51445	10
51446	10
51447	10
51448	10
51449	10
51450	10
51451	10
51452	10
51453	10
51454	10
51455	10
51456	10
51457	10
51458	10
51459	10
51460	10
51461	10
51462	10
51463	10
51464	10
51465	10
51466	10
51467	10
51468	10
51469	10
51470	10
51471	10
51472	10
51473	10
51474	10
51475	10
51476	10
51477	10
51478	10
51479	10
51480	10
51481	10
51482	10
51483	10
51484	10
51485	10
51486	10
51487	10
51488	10
51489	10
51490	10
51491	10
51492	10
51493	10
51494	10
51495	10
51496	10
51497	10
51498	10
51499	10
51500	10
51501	10
51502	10
51503	10
51504	10
51505	10
51506	10
51507	10
51508	10
51509	10
51510	10
51511	10
51512	10
51513	10
51514	10
51515	10
51516	10
51517	10
51518	10
51519	10
51520	10
51521	10
51522	10
51523	10
51524	10
51525	10
51526	10
51527	10
51528	10
51529	10
51530	10
51531	10
51532	10
51533	10
51534	10
51535	10
51536	10
51537	10
51538	10
51539	10
51540	10
51541	10
51542	10
51543	10
51544	10
51545	10
51546	10
51547	10
51548	10
51549	10
51550	10
51551	10
51552	10
51553	10
51554	10
51555	10
51556	10
51557	10
51558	10
51559	10
51560	10
51561	10
51562	10
51563	10
51564	10
51565	10
51566	10
51567	10
51568	10
51569	10
51570	10
51571	10
51572	10
51573	10
51574	10
51575	10
51576	10
51577	10
51578	10
51579	10
51580	10
51581	10
51582	10
51583	10
51584	10
51585	10
51586	10
51587	10
51588	10
51589	10
51590	10
51591	10
51592	10
51593	10
51594	10
51595	10
51596	10
51597	10
51598	10
51599	10
51600	10
51601	10
51602	10
51603	10
51604	10
51605	10
51606	10
51607	10
51608	10
51609	10
51610	10
51611	10
51612	10
51613	10
51614	10
51615	10
51616	10
51617	10
51618	10
51619	10
51620	10
51621	10
51622	10
51623	10
51624	10
51625	10
51626	10
51627	10
51628	10
51629	10
51630	10
51631	10
51632	10
51633	10
51634	10
51635	10
51636	10
51637	10
51638	10
51639	10
51640	10
51641	10
51642	10
51643	10
51644	10
51645	10
51646	10
51647	10
51648	10
51649	10
51650	10
51651	10
51652	10
51653	10
51654	10
51655	10
51656	10
51657	10
51658	10
51659	10
51660	10
51661	10
51662	10
51663	10
51664	10
51665	10
51666	10
51667	10
51668	10
51669	10
51670	10
51671	10
51672	10
51673	10
51674	10
51675	10
51676	10
51677	10
51678	10
51679	10
51680	10
51681	10
51682	10
51683	10
51684	10
51685	10
51686	10
51687	10
51688	10
51689	10
51690	10
51691	10
51692	10
51693	10
51694	10
51695	10
51696	10
51697	10
51698	10
51699	10
51700	10
51701	10
51702	10
51703	10
51704	10
51705	10
51706	10
51707	10
51708	10
51709	10
51710	10
51711	10
51712	10
51713	10
51714	10
51715	10
51716	10
51717	10
51718	10
51719	10
51720	10
51721	10
51722	10
51723	10
51724	10
51725	10
51726	10
51727	10
51728	10
51729	10
51730	10
51731	10
51732	10
51733	10
51734	10
51735	10
51736	10
51737	10
51738	10
51739	10
51740	10
51741	10
51742	10
51743	10
51744	10
51745	10
51746	10
51747	10
51748	10
51749	10
51750	10
51751	10
51752	10
51753	10
51754	10
51755	10
51756	10
51757	10
51758	10
51759	10
51760	10
51761	10
51762	10
51763	10
51764	10
51765	10
51766	10
51767	10
51768	10
51769	10
51770	10
51771	10
51772	10
51773	10
51774	10
51775	10
51776	10
51777	10
51778	10
51779	10
51780	10
51781	10
51782	10
51783	10
51784	10
51785	10
51786	10
51787	10
51788	10
51789	10
51790	10
51791	10
51792	10
51793	10
51794	10
51795	10
51796	10
51797	10
51798	10
51799	10
51800	10
51801	10
51802	10
51803	10
51804	10
51805	10
51806	10
51807	10
51808	10
51809	10
51810	10
51811	10
51812	10
51813	10
51814	10
51815	10
51816	10
51817	10
51818	10
51819	10
51820	10
51821	10
51822	10
51823	10
51824	10
51825	10
51826	10
51827	10
51828	10
51829	10
51830	10
51831	10
51832	10
51833	10
51834	10
51835	10
51836	10
51837	10
51838	10
51839	10
51840	10
51841	10
51842	10
51843	10
51844	10
51845	10
51846	10
51847	10
51848	10
51849	10
51850	10
51851	10
51852	10
51853	10
51854	10
51855	10
51856	10
51857	10
51858	10
51859	10
51860	10
51861	10
51862	10
51863	10
51864	10
51865	10
51866	10
51867	10
51868	10
51869	10
51870	10
51871	10
51872	10
51873	10
51874	10
51875	10
51876	10
51877	10
51878	10
51879	10
51880	10
51881	10
51882	10
51883	10
51884	10
51885	10
51886	10
51887	10
51888	10
51889	10
51890	10
51891	10
51892	10
51893	10
51894	10
51895	10
51896	10
51897	10
51898	10
51899	10
51900	10
51901	10
51902	10
51903	10
51904	10
51905	10
51906	10
51907	10
51908	10
51909	10
51910	10
51911	10
51912	10
51913	10
51914	10
51915	10
51916	10
51917	10
51918	10
51919	10
51920	10
51921	10
51922	10
51923	10
51924	10
51925	10
51926	10
51927	10
51928	10
51929	10
51930	10
51931	10
51932	10
51933	10
51934	10
51935	10
51936	10
51937	10
51938	10
51939	10
51940	10
51941	10
51942	10
51943	10
51944	10
51945	10
51946	10
51947	10
51948	10
51949	10
51950	10
51951	10
51952	10
51953	10
51954	10
51955	10
51956	10
51957	10
51958	10
51959	10
51960	10
51961	10
51962	10
51963	10
51964	10
51965	10
51966	10
51967	10
51968	10
51969	10
51970	10
51971	10
51972	10
51973	10
51974	10
51975	10
51976	10
51977	10
51978	10
51979	10
51980	10
51981	10
51982	10
51983	10
51984	10
51985	10
51986	10
51987	10
51988	10
51989	10
51990	10
51991	10
51992	10
51993	10
51994	10
51995	10
51996	10
51997	10
51998	10
51999	10
52000	10
52001	10
52002	10
52003	10
52004	10
52005	10
52006	10
52007	10
52008	10
52009	10
52010	10
52011	10
52012	10
52013	10
52014	10
52015	10
52016	10
52017	10
52018	10
52019	10
52020	10
52021	10
52022	10
52023	10
52024	10
52025	10
52026	10
52027	10
52028	10
52029	10
52030	10
52031	10
52032	10
52033	10
52034	10
52035	10
52036	10
52037	10
52038	10
52039	10
52040	10
52041	10
52042	10
52043	10
52044	10
52045	10
52046	10
52047	10
52048	10
52049	10
52050	10
52051	10
52052	10
52053	10
52054	10
52055	10
52056	10
52057	10
52058	10
52059	10
52060	10
52061	10
52062	10
52063	10
52064	10
52065	10
52066	10
52067	10
52068	10
52069	10
52070	10
52071	10
52072	10
52073	10
52074	10
52075	10
52076	10
52077	10
52078	10
52079	10
52080	10
52081	10
52082	10
52083	10
52084	10
52085	10
52086	10
52087	10
52088	10
52089	10
52090	10
52091	10
52092	10
52093	10
52094	10
52095	10
52096	10
52097	10
52098	10
52099	10
52100	10
52101	10
52102	10
52103	10
52104	10
52105	10
52106	10
52107	10
52108	10
52109	10
52110	10
52111	10
52112	10
52113	10
52114	10
52115	10
52116	10
52117	10
52118	10
52119	10
52120	10
52121	10
52122	10
52123	10
52124	10
52125	10
52126	10
52127	10
52128	10
52129	10
52130	10
52131	10
52132	10
52133	10
52134	10
52135	10
52136	10
52137	10
52138	10
52139	10
52140	10
52141	10
52142	10
52143	10
52144	10
52145	10
52146	10
52147	10
52148	10
52149	10
52150	10
52151	10
52152	10
52153	10
52154	10
52155	10
52156	10
52157	10
52158	10
52159	10
52160	10
52161	10
52162	10
52163	10
52164	10
52165	10
52166	10
52167	10
52168	10
52169	10
52170	10
52171	10
52172	10
52173	10
52174	10
52175	10
52176	10
52177	10
52178	10
52179	10
52180	10
52181	10
52182	10
52183	10
52184	10
52185	10
52186	10
52187	10
52188	10
52189	10
52190	10
52191	10
52192	10
52193	10
52194	10
52195	10
52196	10
52197	10
52198	10
52199	10
52200	10
52201	10
52202	10
52203	10
52204	10
52205	10
52206	10
52207	10
52208	10
52209	10
52210	10
52211	10
52212	10
52213	10
52214	10
52215	10
52216	10
52217	10
52218	10
52219	10
52220	10
52221	10
52222	10
52223	10
52224	10
52225	10
52226	10
52227	10
52228	10
52229	10
52230	10
52231	10
52232	10
52233	10
52234	10
52235	10
52236	10
52237	10
52238	10
52239	10
52240	10
52241	10
52242	10
52243	10
52244	10
52245	10
52246	10
52247	10
52248	10
52249	10
52250	10
52251	10
52252	10
52253	10
52254	10
52255	10
52256	10
52257	10
52258	10
52259	10
52260	10
52261	10
52262	10
52263	10
52264	10
52265	10
52266	10
52267	10
52268	10
52269	10
52270	10
52271	10
52272	10
52273	10
52274	10
52275	10
52276	10
52277	10
52278	10
52279	10
52280	10
52281	10
52282	10
52283	10
52284	10
52285	10
52286	10
52287	10
52288	10
52289	10
52290	10
52291	10
52292	10
52293	10
52294	10
52295	10
52296	10
52297	10
52298	10
52299	10
52300	10
52301	10
52302	10
52303	10
52304	10
52305	10
52306	10
52307	10
52308	10
52309	10
52310	10
52311	10
52312	10
52313	10
52314	10
52315	10
52316	10
52317	10
52318	10
52319	10
52320	10
52321	10
52322	10
52323	10
52324	10
52325	10
52326	10
52327	10
52328	10
52329	10
52330	10
52331	10
52332	10
52333	10
52334	10
52335	10
52336	10
52337	10
52338	10
52339	10
52340	10
52341	10
52342	10
52343	10
52344	10
52345	10
52346	10
52347	10
52348	10
52349	10
52350	10
52351	10
52352	10
52353	10
52354	10
52355	10
52356	10
52357	10
52358	10
52359	10
52360	10
52361	10
52362	10
52363	10
52364	10
52365	10
52366	10
52367	10
52368	10
52369	10
52370	10
52371	10
52372	10
52373	10
52374	10
52375	10
52376	10
52377	10
52378	10
52379	10
52380	10
52381	10
52382	10
52383	10
52384	10
52385	10
52386	10
52387	10
52388	10
52389	10
52390	10
52391	10
52392	10
52393	10
52394	10
52395	10
52396	10
52397	10
52398	10
52399	10
52400	10
52401	10
52402	10
52403	10
52404	10
52405	10
52406	10
52407	10
52408	10
52409	10
52410	10
52411	10
52412	10
52413	10
52414	10
52415	10
52416	10
52417	10
52418	10
52419	10
52420	10
52421	10
52422	10
52423	10
52424	10
52425	10
52426	10
52427	10
52428	10
52429	10
52430	10
52431	10
52432	10
52433	10
52434	10
52435	10
52436	10
52437	10
52438	10
52439	10
52440	10
52441	10
52442	10
52443	10
52444	10
52445	10
52446	10
52447	10
52448	10
52449	10
52450	10
52451	10
52452	10
52453	10
52454	10
52455	10
52456	10
52457	10
52458	10
52459	10
52460	10
52461	10
52462	10
52463	10
52464	10
52465	10
52466	10
52467	10
52468	10
52469	10
52470	10
52471	10
52472	10
52473	10
52474	10
52475	10
52476	10
52477	10
52478	10
52479	10
52480	10
52481	10
52482	10
52483	10
52484	10
52485	10
52486	10
52487	10
52488	10
52489	10
52490	10
52491	10
52492	10
52493	10
52494	10
52495	10
52496	10
52497	10
52498	10
52499	10
52500	10
