47500	4
47501	4
47502	4
47503	4
47504	4
47505	4
47506	4
47507	4
47508	4
47509	4
47510	4
47511	4
47512	4
47513	4
47514	4
47515	4
47516	4
47517	4
47518	4
47519	4
47520	4
47521	4
47522	4
47523	4
47524	4
47525	4
47526	4
47527	4
47528	4
47529	4
47530	4
47531	4
47532	4
47533	4
47534	4
47535	4
47536	4
47537	4
47538	4
47539	4
47540	4
47541	4
47542	4
47543	4
47544	4
47545	4
47546	4
47547	4
47548	4
47549	4
47550	4
47551	4
47552	4
47553	4
47554	4
47555	4
47556	4
47557	4
47558	4
47559	4
47560	4
47561	4
47562	4
47563	4
47564	4
47565	4
47566	4
47567	4
47568	4
47569	4
47570	4
47571	4
47572	4
47573	4
47574	4
47575	4
47576	4
47577	4
47578	4
47579	4
47580	4
47581	4
47582	4
47583	4
47584	4
47585	4
47586	4
47587	4
47588	4
47589	4
47590	4
47591	4
47592	4
47593	4
47594	4
47595	4
47596	4
47597	4
47598	4
47599	4
47600	4
47601	4
47602	4
47603	4
47604	4
47605	4
47606	4
47607	4
47608	4
47609	4
47610	4
47611	4
47612	4
47613	4
47614	4
47615	4
47616	4
47617	4
47618	4
47619	4
47620	4
47621	4
47622	4
47623	4
47624	4
47625	4
47626	4
47627	4
47628	4
47629	4
47630	4
47631	4
47632	4
47633	4
47634	4
47635	4
47636	4
47637	4
47638	4
47639	4
47640	4
47641	4
47642	4
47643	4
47644	4
47645	4
47646	4
47647	4
47648	4
47649	4
47650	4
47651	4
47652	4
47653	4
47654	4
47655	4
47656	4
47657	4
47658	4
47659	4
47660	4
47661	4
47662	4
47663	4
47664	4
47665	4
47666	4
47667	4
47668	4
47669	4
47670	4
47671	4
47672	4
47673	4
47674	4
47675	4
47676	4
47677	4
47678	4
47679	4
47680	4
47681	4
47682	4
47683	4
47684	4
47685	4
47686	4
47687	4
47688	4
47689	4
47690	4
47691	4
47692	4
47693	4
47694	4
47695	4
47696	4
47697	4
47698	4
47699	4
47700	4
47701	4
47702	4
47703	4
47704	4
47705	4
47706	4
47707	4
47708	4
47709	4
47710	4
47711	4
47712	4
47713	4
47714	4
47715	4
47716	4
47717	4
47718	4
47719	4
47720	4
47721	4
47722	4
47723	4
47724	4
47725	4
47726	4
47727	4
47728	4
47729	4
47730	4
47731	4
47732	4
47733	4
47734	4
47735	4
47736	4
47737	4
47738	4
47739	4
47740	4
47741	4
47742	4
47743	4
47744	4
47745	4
47746	4
47747	4
47748	4
47749	4
47750	4
47751	4
47752	4
47753	4
47754	4
47755	4
47756	4
47757	4
47758	4
47759	4
47760	4
47761	4
47762	4
47763	4
47764	4
47765	4
47766	4
47767	4
47768	4
47769	4
47770	4
47771	4
47772	4
47773	4
47774	4
47775	4
47776	4
47777	4
47778	4
47779	4
47780	4
47781	4
47782	4
47783	4
47784	4
47785	4
47786	4
47787	4
47788	4
47789	4
47790	4
47791	4
47792	4
47793	4
47794	4
47795	4
47796	4
47797	4
47798	4
47799	4
47800	4
47801	4
47802	4
47803	4
47804	4
47805	4
47806	4
47807	4
47808	4
47809	4
47810	4
47811	4
47812	4
47813	4
47814	4
47815	4
47816	4
47817	4
47818	4
47819	4
47820	4
47821	4
47822	4
47823	4
47824	4
47825	4
47826	4
47827	4
47828	4
47829	4
47830	4
47831	4
47832	4
47833	4
47834	4
47835	4
47836	4
47837	4
47838	4
47839	4
47840	4
47841	4
47842	4
47843	4
47844	4
47845	4
47846	4
47847	4
47848	4
47849	4
47850	4
47851	4
47852	4
47853	4
47854	4
47855	4
47856	4
47857	4
47858	4
47859	4
47860	4
47861	4
47862	4
47863	4
47864	4
47865	4
47866	4
47867	4
47868	4
47869	4
47870	4
47871	4
47872	4
47873	4
47874	4
47875	4
47876	4
47877	4
47878	4
47879	4
47880	4
47881	4
47882	4
47883	4
47884	4
47885	4
47886	4
47887	4
47888	4
47889	4
47890	4
47891	4
47892	4
47893	4
47894	4
47895	4
47896	4
47897	4
47898	4
47899	4
47900	4
47901	4
47902	4
47903	4
47904	4
47905	4
47906	4
47907	4
47908	4
47909	4
47910	4
47911	4
47912	4
47913	4
47914	4
47915	4
47916	4
47917	4
47918	4
47919	4
47920	4
47921	4
47922	4
47923	4
47924	4
47925	4
47926	4
47927	4
47928	4
47929	4
47930	4
47931	4
47932	4
47933	4
47934	4
47935	4
47936	4
47937	4
47938	4
47939	4
47940	4
47941	4
47942	4
47943	4
47944	4
47945	4
47946	4
47947	4
47948	4
47949	4
47950	4
47951	4
47952	4
47953	4
47954	4
47955	4
47956	4
47957	4
47958	4
47959	4
47960	4
47961	4
47962	4
47963	4
47964	4
47965	4
47966	4
47967	4
47968	4
47969	4
47970	4
47971	4
47972	4
47973	4
47974	4
47975	4
47976	4
47977	4
47978	4
47979	4
47980	4
47981	4
47982	4
47983	4
47984	4
47985	4
47986	4
47987	4
47988	4
47989	4
47990	4
47991	4
47992	4
47993	4
47994	4
47995	4
47996	4
47997	4
47998	4
47999	4
48000	4
48001	4
48002	4
48003	4
48004	4
48005	4
48006	4
48007	4
48008	4
48009	4
48010	4
48011	4
48012	4
48013	4
48014	4
48015	4
48016	4
48017	4
48018	4
48019	4
48020	4
48021	4
48022	4
48023	4
48024	4
48025	4
48026	4
48027	4
48028	4
48029	4
48030	4
48031	4
48032	4
48033	4
48034	4
48035	4
48036	4
48037	4
48038	4
48039	4
48040	4
48041	4
48042	4
48043	4
48044	4
48045	4
48046	4
48047	4
48048	4
48049	4
48050	4
48051	4
48052	4
48053	4
48054	4
48055	4
48056	4
48057	4
48058	4
48059	4
48060	4
48061	4
48062	4
48063	4
48064	4
48065	4
48066	4
48067	4
48068	4
48069	4
48070	4
48071	4
48072	4
48073	4
48074	4
48075	4
48076	4
48077	4
48078	4
48079	4
48080	4
48081	4
48082	4
48083	4
48084	4
48085	4
48086	4
48087	4
48088	4
48089	4
48090	4
48091	4
48092	4
48093	4
48094	4
48095	4
48096	4
48097	4
48098	4
48099	4
48100	4
48101	4
48102	4
48103	4
48104	4
48105	4
48106	4
48107	4
48108	4
48109	4
48110	4
48111	4
48112	4
48113	4
48114	4
48115	4
48116	4
48117	4
48118	4
48119	4
48120	4
48121	4
48122	4
48123	4
48124	4
48125	4
48126	4
48127	4
48128	4
48129	4
48130	4
48131	4
48132	4
48133	4
48134	4
48135	4
48136	4
48137	4
48138	4
48139	4
48140	4
48141	4
48142	4
48143	4
48144	4
48145	4
48146	4
48147	4
48148	4
48149	4
48150	4
48151	4
48152	4
48153	4
48154	4
48155	4
48156	4
48157	4
48158	4
48159	4
48160	4
48161	4
48162	4
48163	4
48164	4
48165	4
48166	4
48167	4
48168	4
48169	4
48170	4
48171	4
48172	4
48173	4
48174	4
48175	4
48176	4
48177	4
48178	4
48179	4
48180	4
48181	4
48182	4
48183	4
48184	4
48185	4
48186	4
48187	4
48188	4
48189	4
48190	4
48191	4
48192	4
48193	4
48194	4
48195	4
48196	4
48197	4
48198	4
48199	4
48200	4
48201	4
48202	4
48203	4
48204	4
48205	4
48206	4
48207	4
48208	4
48209	4
48210	4
48211	4
48212	4
48213	4
48214	4
48215	4
48216	4
48217	4
48218	4
48219	4
48220	4
48221	4
48222	4
48223	4
48224	4
48225	4
48226	4
48227	4
48228	4
48229	4
48230	4
48231	4
48232	4
48233	4
48234	4
48235	4
48236	4
48237	4
48238	4
48239	4
48240	4
48241	4
48242	4
48243	4
48244	4
48245	4
48246	4
48247	4
48248	4
48249	4
48250	4
48251	4
48252	4
48253	4
48254	4
48255	4
48256	4
48257	4
48258	4
48259	4
48260	4
48261	4
48262	4
48263	4
48264	4
48265	4
48266	4
48267	4
48268	4
48269	4
48270	4
48271	4
48272	4
48273	4
48274	4
48275	4
48276	4
48277	4
48278	4
48279	4
48280	4
48281	4
48282	4
48283	4
48284	4
48285	4
48286	4
48287	4
48288	4
48289	4
48290	4
48291	4
48292	4
48293	4
48294	4
48295	4
48296	4
48297	4
48298	4
48299	4
48300	4
48301	4
48302	4
48303	4
48304	4
48305	4
48306	4
48307	4
48308	4
48309	4
48310	4
48311	4
48312	4
48313	4
48314	4
48315	4
48316	4
48317	4
48318	4
48319	4
48320	4
48321	4
48322	4
48323	4
48324	4
48325	4
48326	4
48327	4
48328	4
48329	4
48330	4
48331	4
48332	4
48333	4
48334	4
48335	4
48336	4
48337	4
48338	4
48339	4
48340	4
48341	4
48342	4
48343	4
48344	4
48345	4
48346	4
48347	4
48348	4
48349	4
48350	4
48351	4
48352	4
48353	4
48354	4
48355	4
48356	4
48357	4
48358	4
48359	4
48360	4
48361	4
48362	4
48363	4
48364	4
48365	4
48366	4
48367	4
48368	4
48369	4
48370	4
48371	4
48372	4
48373	4
48374	4
48375	4
48376	4
48377	4
48378	4
48379	4
48380	4
48381	4
48382	4
48383	4
48384	4
48385	4
48386	4
48387	4
48388	4
48389	4
48390	4
48391	4
48392	4
48393	4
48394	4
48395	4
48396	4
48397	4
48398	4
48399	4
48400	4
48401	4
48402	4
48403	4
48404	4
48405	4
48406	4
48407	4
48408	4
48409	4
48410	4
48411	4
48412	4
48413	4
48414	4
48415	4
48416	4
48417	4
48418	4
48419	4
48420	4
48421	4
48422	4
48423	4
48424	4
48425	4
48426	4
48427	4
48428	4
48429	4
48430	4
48431	4
48432	4
48433	4
48434	4
48435	4
48436	4
48437	4
48438	4
48439	4
48440	4
48441	4
48442	4
48443	4
48444	4
48445	4
48446	4
48447	4
48448	4
48449	4
48450	4
48451	4
48452	4
48453	4
48454	4
48455	4
48456	4
48457	4
48458	4
48459	4
48460	4
48461	4
48462	4
48463	4
48464	4
48465	4
48466	4
48467	4
48468	4
48469	4
48470	4
48471	4
48472	4
48473	4
48474	4
48475	4
48476	4
48477	4
48478	4
48479	4
48480	4
48481	4
48482	4
48483	4
48484	4
48485	4
48486	4
48487	4
48488	4
48489	4
48490	4
48491	4
48492	4
48493	4
48494	4
48495	4
48496	4
48497	4
48498	4
48499	4
48500	4
48501	4
48502	4
48503	4
48504	4
48505	4
48506	4
48507	4
48508	4
48509	4
48510	4
48511	4
48512	4
48513	4
48514	4
48515	4
48516	4
48517	4
48518	4
48519	4
48520	4
48521	4
48522	4
48523	4
48524	4
48525	4
48526	4
48527	4
48528	4
48529	4
48530	4
48531	4
48532	4
48533	4
48534	4
48535	4
48536	4
48537	4
48538	4
48539	4
48540	4
48541	4
48542	4
48543	4
48544	4
48545	4
48546	4
48547	4
48548	4
48549	4
48550	4
48551	4
48552	4
48553	4
48554	4
48555	4
48556	4
48557	4
48558	4
48559	4
48560	4
48561	4
48562	4
48563	4
48564	4
48565	4
48566	4
48567	4
48568	4
48569	4
48570	4
48571	4
48572	4
48573	4
48574	4
48575	4
48576	4
48577	4
48578	4
48579	4
48580	4
48581	4
48582	4
48583	4
48584	4
48585	4
48586	4
48587	4
48588	4
48589	4
48590	4
48591	4
48592	4
48593	4
48594	4
48595	4
48596	4
48597	4
48598	4
48599	4
48600	4
48601	4
48602	4
48603	4
48604	4
48605	4
48606	4
48607	4
48608	4
48609	4
48610	4
48611	4
48612	4
48613	4
48614	4
48615	4
48616	4
48617	4
48618	4
48619	4
48620	4
48621	4
48622	4
48623	4
48624	4
48625	4
48626	4
48627	4
48628	4
48629	4
48630	4
48631	4
48632	4
48633	4
48634	4
48635	4
48636	4
48637	4
48638	4
48639	4
48640	4
48641	4
48642	4
48643	4
48644	4
48645	4
48646	4
48647	4
48648	4
48649	4
48650	4
48651	4
48652	4
48653	4
48654	4
48655	4
48656	4
48657	4
48658	4
48659	4
48660	4
48661	4
48662	4
48663	4
48664	4
48665	4
48666	4
48667	4
48668	4
48669	4
48670	4
48671	4
48672	4
48673	4
48674	4
48675	4
48676	4
48677	4
48678	4
48679	4
48680	4
48681	4
48682	4
48683	4
48684	4
48685	4
48686	4
48687	4
48688	4
48689	4
48690	4
48691	4
48692	4
48693	4
48694	4
48695	4
48696	4
48697	4
48698	4
48699	4
48700	4
48701	4
48702	4
48703	4
48704	4
48705	4
48706	4
48707	4
48708	4
48709	4
48710	4
48711	4
48712	4
48713	4
48714	4
48715	4
48716	4
48717	4
48718	4
48719	4
48720	4
48721	4
48722	4
48723	4
48724	4
48725	4
48726	4
48727	4
48728	4
48729	4
48730	4
48731	4
48732	4
48733	4
48734	4
48735	4
48736	4
48737	4
48738	4
48739	4
48740	4
48741	4
48742	4
48743	4
48744	4
48745	4
48746	4
48747	4
48748	4
48749	4
48750	4
48751	4
48752	4
48753	4
48754	4
48755	4
48756	4
48757	4
48758	4
48759	4
48760	4
48761	4
48762	4
48763	4
48764	4
48765	4
48766	4
48767	4
48768	4
48769	4
48770	4
48771	4
48772	4
48773	4
48774	4
48775	4
48776	4
48777	4
48778	4
48779	4
48780	4
48781	4
48782	4
48783	4
48784	4
48785	4
48786	4
48787	4
48788	4
48789	4
48790	4
48791	4
48792	4
48793	4
48794	4
48795	4
48796	4
48797	4
48798	4
48799	4
48800	4
48801	4
48802	4
48803	4
48804	4
48805	4
48806	4
48807	4
48808	4
48809	4
48810	4
48811	4
48812	4
48813	4
48814	4
48815	4
48816	4
48817	4
48818	4
48819	4
48820	4
48821	4
48822	4
48823	4
48824	4
48825	4
48826	4
48827	4
48828	4
48829	4
48830	4
48831	4
48832	4
48833	4
48834	4
48835	4
48836	4
48837	4
48838	4
48839	4
48840	4
48841	4
48842	4
48843	4
48844	4
48845	4
48846	4
48847	4
48848	4
48849	4
48850	4
48851	4
48852	4
48853	4
48854	4
48855	4
48856	4
48857	4
48858	4
48859	4
48860	4
48861	4
48862	4
48863	4
48864	4
48865	4
48866	4
48867	4
48868	4
48869	4
48870	4
48871	4
48872	4
48873	4
48874	4
48875	4
48876	4
48877	4
48878	4
48879	4
48880	4
48881	4
48882	4
48883	4
48884	4
48885	4
48886	4
48887	4
48888	4
48889	4
48890	4
48891	4
48892	4
48893	4
48894	4
48895	4
48896	4
48897	4
48898	4
48899	4
48900	4
48901	4
48902	4
48903	4
48904	4
48905	4
48906	4
48907	4
48908	4
48909	4
48910	4
48911	4
48912	4
48913	4
48914	4
48915	4
48916	4
48917	4
48918	4
48919	4
48920	4
48921	4
48922	4
48923	4
48924	4
48925	4
48926	4
48927	4
48928	4
48929	4
48930	4
48931	4
48932	4
48933	4
48934	4
48935	4
48936	4
48937	4
48938	4
48939	4
48940	4
48941	4
48942	4
48943	4
48944	4
48945	4
48946	4
48947	4
48948	4
48949	4
48950	4
48951	4
48952	4
48953	4
48954	4
48955	4
48956	4
48957	4
48958	4
48959	4
48960	4
48961	4
48962	4
48963	4
48964	4
48965	4
48966	4
48967	4
48968	4
48969	4
48970	4
48971	4
48972	4
48973	4
48974	4
48975	4
48976	4
48977	4
48978	4
48979	4
48980	4
48981	4
48982	4
48983	4
48984	4
48985	4
48986	4
48987	4
48988	4
48989	4
48990	4
48991	4
48992	4
48993	4
48994	4
48995	4
48996	4
48997	4
48998	4
48999	4
49000	4
49001	4
49002	4
49003	4
49004	4
49005	4
49006	4
49007	4
49008	4
49009	4
49010	4
49011	4
49012	4
49013	4
49014	4
49015	4
49016	4
49017	4
49018	4
49019	4
49020	4
49021	4
49022	4
49023	4
49024	4
49025	4
49026	4
49027	4
49028	4
49029	4
49030	4
49031	4
49032	4
49033	4
49034	4
49035	4
49036	4
49037	4
49038	4
49039	4
49040	4
49041	4
49042	4
49043	4
49044	4
49045	4
49046	4
49047	4
49048	4
49049	4
49050	4
49051	4
49052	4
49053	4
49054	4
49055	4
49056	4
49057	4
49058	4
49059	4
49060	4
49061	4
49062	4
49063	4
49064	4
49065	4
49066	4
49067	4
49068	4
49069	4
49070	4
49071	4
49072	4
49073	4
49074	4
49075	4
49076	4
49077	4
49078	4
49079	4
49080	4
49081	4
49082	4
49083	4
49084	4
49085	4
49086	4
49087	4
49088	4
49089	4
49090	4
49091	4
49092	4
49093	4
49094	4
49095	4
49096	4
49097	4
49098	4
49099	4
49100	4
49101	4
49102	4
49103	4
49104	4
49105	4
49106	4
49107	4
49108	4
49109	4
49110	4
49111	4
49112	4
49113	4
49114	4
49115	4
49116	4
49117	4
49118	4
49119	4
49120	4
49121	4
49122	4
49123	4
49124	4
49125	4
49126	4
49127	4
49128	4
49129	4
49130	4
49131	4
49132	4
49133	4
49134	4
49135	4
49136	4
49137	4
49138	4
49139	4
49140	4
49141	4
49142	4
49143	4
49144	4
49145	4
49146	4
49147	4
49148	4
49149	4
49150	4
49151	4
49152	4
49153	4
49154	4
49155	4
49156	4
49157	4
49158	4
49159	4
49160	4
49161	4
49162	4
49163	4
49164	4
49165	4
49166	4
49167	4
49168	4
49169	4
49170	4
49171	4
49172	4
49173	4
49174	4
49175	4
49176	4
49177	4
49178	4
49179	4
49180	4
49181	4
49182	4
49183	4
49184	4
49185	4
49186	4
49187	4
49188	4
49189	4
49190	4
49191	4
49192	4
49193	4
49194	4
49195	4
49196	4
49197	4
49198	4
49199	4
49200	4
49201	4
49202	4
49203	4
49204	4
49205	4
49206	4
49207	4
49208	4
49209	4
49210	4
49211	4
49212	4
49213	4
49214	4
49215	4
49216	4
49217	4
49218	4
49219	4
49220	4
49221	4
49222	4
49223	4
49224	4
49225	4
49226	4
49227	4
49228	4
49229	4
49230	4
49231	4
49232	4
49233	4
49234	4
49235	4
49236	4
49237	4
49238	4
49239	4
49240	4
49241	4
49242	4
49243	4
49244	4
49245	4
49246	4
49247	4
49248	4
49249	4
49250	4
49251	4
49252	4
49253	4
49254	4
49255	4
49256	4
49257	4
49258	4
49259	4
49260	4
49261	4
49262	4
49263	4
49264	4
49265	4
49266	4
49267	4
49268	4
49269	4
49270	4
49271	4
49272	4
49273	4
49274	4
49275	4
49276	4
49277	4
49278	4
49279	4
49280	4
49281	4
49282	4
49283	4
49284	4
49285	4
49286	4
49287	4
49288	4
49289	4
49290	4
49291	4
49292	4
49293	4
49294	4
49295	4
49296	4
49297	4
49298	4
49299	4
49300	4
49301	4
49302	4
49303	4
49304	4
49305	4
49306	4
49307	4
49308	4
49309	4
49310	4
49311	4
49312	4
49313	4
49314	4
49315	4
49316	4
49317	4
49318	4
49319	4
49320	4
49321	4
49322	4
49323	4
49324	4
49325	4
49326	4
49327	4
49328	4
49329	4
49330	4
49331	4
49332	4
49333	4
49334	4
49335	4
49336	4
49337	4
49338	4
49339	4
49340	4
49341	4
49342	4
49343	4
49344	4
49345	4
49346	4
49347	4
49348	4
49349	4
49350	4
49351	4
49352	4
49353	4
49354	4
49355	4
49356	4
49357	4
49358	4
49359	4
49360	4
49361	4
49362	4
49363	4
49364	4
49365	4
49366	4
49367	4
49368	4
49369	4
49370	4
49371	4
49372	4
49373	4
49374	4
49375	4
49376	4
49377	4
49378	4
49379	4
49380	4
49381	4
49382	4
49383	4
49384	4
49385	4
49386	4
49387	4
49388	4
49389	4
49390	4
49391	4
49392	4
49393	4
49394	4
49395	4
49396	4
49397	4
49398	4
49399	4
49400	4
49401	4
49402	4
49403	4
49404	4
49405	4
49406	4
49407	4
49408	4
49409	4
49410	4
49411	4
49412	4
49413	4
49414	4
49415	4
49416	4
49417	4
49418	4
49419	4
49420	4
49421	4
49422	4
49423	4
49424	4
49425	4
49426	4
49427	4
49428	4
49429	4
49430	4
49431	4
49432	4
49433	4
49434	4
49435	4
49436	4
49437	4
49438	4
49439	4
49440	4
49441	4
49442	4
49443	4
49444	4
49445	4
49446	4
49447	4
49448	4
49449	4
49450	4
49451	4
49452	4
49453	4
49454	4
49455	4
49456	4
49457	4
49458	4
49459	4
49460	4
49461	4
49462	4
49463	4
49464	4
49465	4
49466	4
49467	4
49468	4
49469	4
49470	4
49471	4
49472	4
49473	4
49474	4
49475	4
49476	4
49477	4
49478	4
49479	4
49480	4
49481	4
49482	4
49483	4
49484	4
49485	4
49486	4
49487	4
49488	4
49489	4
49490	4
49491	4
49492	4
49493	4
49494	4
49495	4
49496	4
49497	4
49498	4
49499	4
49500	4
49501	4
49502	4
49503	4
49504	4
49505	4
49506	4
49507	4
49508	4
49509	4
49510	4
49511	4
49512	4
49513	4
49514	4
49515	4
49516	4
49517	4
49518	4
49519	4
49520	4
49521	4
49522	4
49523	4
49524	4
49525	4
49526	4
49527	4
49528	4
49529	4
49530	4
49531	4
49532	4
49533	4
49534	4
49535	4
49536	4
49537	4
49538	4
49539	4
49540	4
49541	4
49542	4
49543	4
49544	4
49545	4
49546	4
49547	4
49548	4
49549	4
49550	4
49551	4
49552	4
49553	4
49554	4
49555	4
49556	4
49557	4
49558	4
49559	4
49560	4
49561	4
49562	4
49563	4
49564	4
49565	4
49566	4
49567	4
49568	4
49569	4
49570	4
49571	4
49572	4
49573	4
49574	4
49575	4
49576	4
49577	4
49578	4
49579	4
49580	4
49581	4
49582	4
49583	4
49584	4
49585	4
49586	4
49587	4
49588	4
49589	4
49590	4
49591	4
49592	4
49593	4
49594	4
49595	4
49596	4
49597	4
49598	4
49599	4
49600	4
49601	4
49602	4
49603	4
49604	4
49605	4
49606	4
49607	4
49608	4
49609	4
49610	4
49611	4
49612	4
49613	4
49614	4
49615	4
49616	4
49617	4
49618	4
49619	4
49620	4
49621	4
49622	4
49623	4
49624	4
49625	4
49626	4
49627	4
49628	4
49629	4
49630	4
49631	4
49632	4
49633	4
49634	4
49635	4
49636	4
49637	4
49638	4
49639	4
49640	4
49641	4
49642	4
49643	4
49644	4
49645	4
49646	4
49647	4
49648	4
49649	4
49650	4
49651	4
49652	4
49653	4
49654	4
49655	4
49656	4
49657	4
49658	4
49659	4
49660	4
49661	4
49662	4
49663	4
49664	4
49665	4
49666	4
49667	4
49668	4
49669	4
49670	4
49671	4
49672	4
49673	4
49674	4
49675	4
49676	4
49677	4
49678	4
49679	4
49680	4
49681	4
49682	4
49683	4
49684	4
49685	4
49686	4
49687	4
49688	4
49689	4
49690	4
49691	4
49692	4
49693	4
49694	4
49695	4
49696	4
49697	4
49698	4
49699	4
49700	4
49701	4
49702	4
49703	4
49704	4
49705	4
49706	4
49707	4
49708	4
49709	4
49710	4
49711	4
49712	4
49713	4
49714	4
49715	4
49716	4
49717	4
49718	4
49719	4
49720	4
49721	4
49722	4
49723	4
49724	4
49725	4
49726	4
49727	4
49728	4
49729	4
49730	4
49731	4
49732	4
49733	4
49734	4
49735	4
49736	4
49737	4
49738	4
49739	4
49740	4
49741	4
49742	4
49743	4
49744	4
49745	4
49746	4
49747	4
49748	4
49749	4
49750	4
49751	4
49752	4
49753	4
49754	4
49755	4
49756	4
49757	4
49758	4
49759	4
49760	4
49761	4
49762	4
49763	4
49764	4
49765	4
49766	4
49767	4
49768	4
49769	4
49770	4
49771	4
49772	4
49773	4
49774	4
49775	4
49776	4
49777	4
49778	4
49779	4
49780	4
49781	4
49782	4
49783	4
49784	4
49785	4
49786	4
49787	4
49788	4
49789	4
49790	4
49791	4
49792	4
49793	4
49794	4
49795	4
49796	4
49797	4
49798	4
49799	4
49800	4
49801	4
49802	4
49803	4
49804	4
49805	4
49806	4
49807	4
49808	4
49809	4
49810	4
49811	4
49812	4
49813	4
49814	4
49815	4
49816	4
49817	4
49818	4
49819	4
49820	4
49821	4
49822	4
49823	4
49824	4
49825	4
49826	4
49827	4
49828	4
49829	4
49830	4
49831	4
49832	4
49833	4
49834	4
49835	4
49836	4
49837	4
49838	4
49839	4
49840	4
49841	4
49842	4
49843	4
49844	4
49845	4
49846	4
49847	4
49848	4
49849	4
49850	4
49851	4
49852	4
49853	4
49854	4
49855	4
49856	4
49857	4
49858	4
49859	4
49860	4
49861	4
49862	4
49863	4
49864	4
49865	4
49866	4
49867	4
49868	4
49869	4
49870	4
49871	4
49872	4
49873	4
49874	4
49875	4
49876	4
49877	4
49878	4
49879	4
49880	4
49881	4
49882	4
49883	4
49884	4
49885	4
49886	4
49887	4
49888	4
49889	4
49890	4
49891	4
49892	4
49893	4
49894	4
49895	4
49896	4
49897	4
49898	4
49899	4
49900	4
49901	4
49902	4
49903	4
49904	4
49905	4
49906	4
49907	4
49908	4
49909	4
49910	4
49911	4
49912	4
49913	4
49914	4
49915	4
49916	4
49917	4
49918	4
49919	4
49920	4
49921	4
49922	4
49923	4
49924	4
49925	4
49926	4
49927	4
49928	4
49929	4
49930	4
49931	4
49932	4
49933	4
49934	4
49935	4
49936	4
49937	4
49938	4
49939	4
49940	4
49941	4
49942	4
49943	4
49944	4
49945	4
49946	4
49947	4
49948	4
49949	4
49950	4
49951	4
49952	4
49953	4
49954	4
49955	4
49956	4
49957	4
49958	4
49959	4
49960	4
49961	4
49962	4
49963	4
49964	4
49965	4
49966	4
49967	4
49968	4
49969	4
49970	4
49971	4
49972	4
49973	4
49974	4
49975	4
49976	4
49977	4
49978	4
49979	4
49980	4
49981	4
49982	4
49983	4
49984	4
49985	4
49986	4
49987	4
49988	4
49989	4
49990	4
49991	4
49992	4
49993	4
49994	4
49995	4
49996	4
49997	4
49998	4
49999	4
50000	4
50001	4
50002	4
50003	4
50004	4
50005	4
50006	4
50007	4
50008	4
50009	4
50010	4
50011	4
50012	4
50013	4
50014	4
50015	4
50016	4
50017	4
50018	4
50019	4
50020	4
50021	4
50022	4
50023	4
50024	4
50025	4
50026	4
50027	4
50028	4
50029	4
50030	4
50031	4
50032	4
50033	4
50034	4
50035	4
50036	4
50037	4
50038	4
50039	4
50040	4
50041	4
50042	4
50043	4
50044	4
50045	4
50046	4
50047	4
50048	4
50049	4
50050	4
50051	4
50052	4
50053	4
50054	4
50055	4
50056	4
50057	4
50058	4
50059	4
50060	4
50061	4
50062	4
50063	4
50064	4
50065	4
50066	4
50067	4
50068	4
50069	4
50070	4
50071	4
50072	4
50073	4
50074	4
50075	4
50076	4
50077	4
50078	4
50079	4
50080	4
50081	4
50082	4
50083	4
50084	4
50085	4
50086	4
50087	4
50088	4
50089	4
50090	4
50091	4
50092	4
50093	4
50094	4
50095	4
50096	4
50097	4
50098	4
50099	4
50100	4
50101	4
50102	4
50103	4
50104	4
50105	4
50106	4
50107	4
50108	4
50109	4
50110	4
50111	4
50112	4
50113	4
50114	4
50115	4
50116	4
50117	4
50118	4
50119	4
50120	4
50121	4
50122	4
50123	4
50124	4
50125	4
50126	4
50127	4
50128	4
50129	4
50130	4
50131	4
50132	4
50133	4
50134	4
50135	4
50136	4
50137	4
50138	4
50139	4
50140	4
50141	4
50142	4
50143	4
50144	4
50145	4
50146	4
50147	4
50148	4
50149	4
50150	4
50151	4
50152	4
50153	4
50154	4
50155	4
50156	4
50157	4
50158	4
50159	4
50160	4
50161	4
50162	4
50163	4
50164	4
50165	4
50166	4
50167	4
50168	4
50169	4
50170	4
50171	4
50172	4
50173	4
50174	4
50175	4
50176	4
50177	4
50178	4
50179	4
50180	4
50181	4
50182	4
50183	4
50184	4
50185	4
50186	4
50187	4
50188	4
50189	4
50190	4
50191	4
50192	4
50193	4
50194	4
50195	4
50196	4
50197	4
50198	4
50199	4
50200	4
50201	4
50202	4
50203	4
50204	4
50205	4
50206	4
50207	4
50208	4
50209	4
50210	4
50211	4
50212	4
50213	4
50214	4
50215	4
50216	4
50217	4
50218	4
50219	4
50220	4
50221	4
50222	4
50223	4
50224	4
50225	4
50226	4
50227	4
50228	4
50229	4
50230	4
50231	4
50232	4
50233	4
50234	4
50235	4
50236	4
50237	4
50238	4
50239	4
50240	4
50241	4
50242	4
50243	4
50244	4
50245	4
50246	4
50247	4
50248	4
50249	4
50250	4
50251	4
50252	4
50253	4
50254	4
50255	4
50256	4
50257	4
50258	4
50259	4
50260	4
50261	4
50262	4
50263	4
50264	4
50265	4
50266	4
50267	4
50268	4
50269	4
50270	4
50271	4
50272	4
50273	4
50274	4
50275	4
50276	4
50277	4
50278	4
50279	4
50280	4
50281	4
50282	4
50283	4
50284	4
50285	4
50286	4
50287	4
50288	4
50289	4
50290	4
50291	4
50292	4
50293	4
50294	4
50295	4
50296	4
50297	4
50298	4
50299	4
50300	4
50301	4
50302	4
50303	4
50304	4
50305	4
50306	4
50307	4
50308	4
50309	4
50310	4
50311	4
50312	4
50313	4
50314	4
50315	4
50316	4
50317	4
50318	4
50319	4
50320	4
50321	4
50322	4
50323	4
50324	4
50325	4
50326	4
50327	4
50328	4
50329	4
50330	4
50331	4
50332	4
50333	4
50334	4
50335	4
50336	4
50337	4
50338	4
50339	4
50340	4
50341	4
50342	4
50343	4
50344	4
50345	4
50346	4
50347	4
50348	4
50349	4
50350	4
50351	4
50352	4
50353	4
50354	4
50355	4
50356	4
50357	4
50358	4
50359	4
50360	4
50361	4
50362	4
50363	4
50364	4
50365	4
50366	4
50367	4
50368	4
50369	4
50370	4
50371	4
50372	4
50373	4
50374	4
50375	4
50376	4
50377	4
50378	4
50379	4
50380	4
50381	4
50382	4
50383	4
50384	4
50385	4
50386	4
50387	4
50388	4
50389	4
50390	4
50391	4
50392	4
50393	4
50394	4
50395	4
50396	4
50397	4
50398	4
50399	4
50400	4
50401	4
50402	4
50403	4
50404	4
50405	4
50406	4
50407	4
50408	4
50409	4
50410	4
50411	4
50412	4
50413	4
50414	4
50415	4
50416	4
50417	4
50418	4
50419	4
50420	4
50421	4
50422	4
50423	4
50424	4
50425	4
50426	4
50427	4
50428	4
50429	4
50430	4
50431	4
50432	4
50433	4
50434	4
50435	4
50436	4
50437	4
50438	4
50439	4
50440	4
50441	4
50442	4
50443	4
50444	4
50445	4
50446	4
50447	4
50448	4
50449	4
50450	4
50451	4
50452	4
50453	4
50454	4
50455	4
50456	4
50457	4
50458	4
50459	4
50460	4
50461	4
50462	4
50463	4
50464	4
50465	4
50466	4
50467	4
50468	4
50469	4
50470	4
50471	4
50472	4
50473	4
50474	4
50475	4
50476	4
50477	4
50478	4
50479	4
50480	4
50481	4
50482	4
50483	4
50484	4
50485	4
50486	4
50487	4
50488	4
50489	4
50490	4
50491	4
50492	4
50493	4
50494	4
50495	4
50496	4
50497	4
50498	4
50499	4
50500	4
50501	4
50502	4
50503	4
50504	4
50505	4
50506	4
50507	4
50508	4
50509	4
50510	4
50511	4
50512	4
50513	4
50514	4
50515	4
50516	4
50517	4
50518	4
50519	4
50520	4
50521	4
50522	4
50523	4
50524	4
50525	4
50526	4
50527	4
50528	4
50529	4
50530	4
50531	4
50532	4
50533	4
50534	4
50535	4
50536	4
50537	4
50538	4
50539	4
50540	4
50541	4
50542	4
50543	4
50544	4
50545	4
50546	4
50547	4
50548	4
50549	4
50550	4
50551	4
50552	4
50553	4
50554	4
50555	4
50556	4
50557	4
50558	4
50559	4
50560	4
50561	4
50562	4
50563	4
50564	4
50565	4
50566	4
50567	4
50568	4
50569	4
50570	4
50571	4
50572	4
50573	4
50574	4
50575	4
50576	4
50577	4
50578	4
50579	4
50580	4
50581	4
50582	4
50583	4
50584	4
50585	4
50586	4
50587	4
50588	4
50589	4
50590	4
50591	4
50592	4
50593	4
50594	4
50595	4
50596	4
50597	4
50598	4
50599	4
50600	4
50601	4
50602	4
50603	4
50604	4
50605	4
50606	4
50607	4
50608	4
50609	4
50610	4
50611	4
50612	4
50613	4
50614	4
50615	4
50616	4
50617	4
50618	4
50619	4
50620	4
50621	4
50622	4
50623	4
50624	4
50625	4
50626	4
50627	4
50628	4
50629	4
50630	4
50631	4
50632	4
50633	4
50634	4
50635	4
50636	4
50637	4
50638	4
50639	4
50640	4
50641	4
50642	4
50643	4
50644	4
50645	4
50646	4
50647	4
50648	4
50649	4
50650	4
50651	4
50652	4
50653	4
50654	4
50655	4
50656	4
50657	4
50658	4
50659	4
50660	4
50661	4
50662	4
50663	4
50664	4
50665	4
50666	4
50667	4
50668	4
50669	4
50670	4
50671	4
50672	4
50673	4
50674	4
50675	4
50676	4
50677	4
50678	4
50679	4
50680	4
50681	4
50682	4
50683	4
50684	4
50685	4
50686	4
50687	4
50688	4
50689	4
50690	4
50691	4
50692	4
50693	4
50694	4
50695	4
50696	4
50697	4
50698	4
50699	4
50700	4
50701	4
50702	4
50703	4
50704	4
50705	4
50706	4
50707	4
50708	4
50709	4
50710	4
50711	4
50712	4
50713	4
50714	4
50715	4
50716	4
50717	4
50718	4
50719	4
50720	4
50721	4
50722	4
50723	4
50724	4
50725	4
50726	4
50727	4
50728	4
50729	4
50730	4
50731	4
50732	4
50733	4
50734	4
50735	4
50736	4
50737	4
50738	4
50739	4
50740	4
50741	4
50742	4
50743	4
50744	4
50745	4
50746	4
50747	4
50748	4
50749	4
50750	4
50751	4
50752	4
50753	4
50754	4
50755	4
50756	4
50757	4
50758	4
50759	4
50760	4
50761	4
50762	4
50763	4
50764	4
50765	4
50766	4
50767	4
50768	4
50769	4
50770	4
50771	4
50772	4
50773	4
50774	4
50775	4
50776	4
50777	4
50778	4
50779	4
50780	4
50781	4
50782	4
50783	4
50784	4
50785	4
50786	4
50787	4
50788	4
50789	4
50790	4
50791	4
50792	4
50793	4
50794	4
50795	4
50796	4
50797	4
50798	4
50799	4
50800	4
50801	4
50802	4
50803	4
50804	4
50805	4
50806	4
50807	4
50808	4
50809	4
50810	4
50811	4
50812	4
50813	4
50814	4
50815	4
50816	4
50817	4
50818	4
50819	4
50820	4
50821	4
50822	4
50823	4
50824	4
50825	4
50826	4
50827	4
50828	4
50829	4
50830	4
50831	4
50832	4
50833	4
50834	4
50835	4
50836	4
50837	4
50838	4
50839	4
50840	4
50841	4
50842	4
50843	4
50844	4
50845	4
50846	4
50847	4
50848	4
50849	4
50850	4
50851	4
50852	4
50853	4
50854	4
50855	4
50856	4
50857	4
50858	4
50859	4
50860	4
50861	4
50862	4
50863	4
50864	4
50865	4
50866	4
50867	4
50868	4
50869	4
50870	4
50871	4
50872	4
50873	4
50874	4
50875	4
50876	4
50877	4
50878	4
50879	4
50880	4
50881	4
50882	4
50883	4
50884	4
50885	4
50886	4
50887	4
50888	4
50889	4
50890	4
50891	4
50892	4
50893	4
50894	4
50895	4
50896	4
50897	4
50898	4
50899	4
50900	4
50901	4
50902	4
50903	4
50904	4
50905	4
50906	4
50907	4
50908	4
50909	4
50910	4
50911	4
50912	4
50913	4
50914	4
50915	4
50916	4
50917	4
50918	4
50919	4
50920	4
50921	4
50922	4
50923	4
50924	4
50925	4
50926	4
50927	4
50928	4
50929	4
50930	4
50931	4
50932	4
50933	4
50934	4
50935	4
50936	4
50937	4
50938	4
50939	4
50940	4
50941	4
50942	4
50943	4
50944	4
50945	4
50946	4
50947	4
50948	4
50949	4
50950	4
50951	4
50952	4
50953	4
50954	4
50955	4
50956	4
50957	4
50958	4
50959	4
50960	4
50961	4
50962	4
50963	4
50964	4
50965	4
50966	4
50967	4
50968	4
50969	4
50970	4
50971	4
50972	4
50973	4
50974	4
50975	4
50976	4
50977	4
50978	4
50979	4
50980	4
50981	4
50982	4
50983	4
50984	4
50985	4
50986	4
50987	4
50988	4
50989	4
50990	4
50991	4
50992	4
50993	4
50994	4
50995	4
50996	4
50997	4
50998	4
50999	4
51000	4
51001	4
51002	4
51003	4
51004	4
51005	4
51006	4
51007	4
51008	4
51009	4
51010	4
51011	4
51012	4
51013	4
51014	4
51015	4
51016	4
51017	4
51018	4
51019	4
51020	4
51021	4
51022	4
51023	4
51024	4
51025	4
51026	4
51027	4
51028	4
51029	4
51030	4
51031	4
51032	4
51033	4
51034	4
51035	4
51036	4
51037	4
51038	4
51039	4
51040	4
51041	4
51042	4
51043	4
51044	4
51045	4
51046	4
51047	4
51048	4
51049	4
51050	4
51051	4
51052	4
51053	4
51054	4
51055	4
51056	4
51057	4
51058	4
51059	4
51060	4
51061	4
51062	4
51063	4
51064	4
51065	4
51066	4
51067	4
51068	4
51069	4
51070	4
51071	4
51072	4
51073	4
51074	4
51075	4
51076	4
51077	4
51078	4
51079	4
51080	4
51081	4
51082	4
51083	4
51084	4
51085	4
51086	4
51087	4
51088	4
51089	4
51090	4
51091	4
51092	4
51093	4
51094	4
51095	4
51096	4
51097	4
51098	4
51099	4
51100	4
51101	4
51102	4
51103	4
51104	4
51105	4
51106	4
51107	4
51108	4
51109	4
51110	4
51111	4
51112	4
51113	4
51114	4
51115	4
51116	4
51117	4
51118	4
51119	4
51120	4
51121	4
51122	4
51123	4
51124	4
51125	4
51126	4
51127	4
51128	4
51129	4
51130	4
51131	4
51132	4
51133	4
51134	4
51135	4
51136	4
51137	4
51138	4
51139	4
51140	4
51141	4
51142	4
51143	4
51144	4
51145	4
51146	4
51147	4
51148	4
51149	4
51150	4
51151	4
51152	4
51153	4
51154	4
51155	4
51156	4
51157	4
51158	4
51159	4
51160	4
51161	4
51162	4
51163	4
51164	4
51165	4
51166	4
51167	4
51168	4
51169	4
51170	4
51171	4
51172	4
51173	4
51174	4
51175	4
51176	4
51177	4
51178	4
51179	4
51180	4
51181	4
51182	4
51183	4
51184	4
51185	4
51186	4
51187	4
51188	4
51189	4
51190	4
51191	4
51192	4
51193	4
51194	4
51195	4
51196	4
51197	4
51198	4
51199	4
51200	4
51201	4
51202	4
51203	4
51204	4
51205	4
51206	4
51207	4
51208	4
51209	4
51210	4
51211	4
51212	4
51213	4
51214	4
51215	4
51216	4
51217	4
51218	4
51219	4
51220	4
51221	4
51222	4
51223	4
51224	4
51225	4
51226	4
51227	4
51228	4
51229	4
51230	4
51231	4
51232	4
51233	4
51234	4
51235	4
51236	4
51237	4
51238	4
51239	4
51240	4
51241	4
51242	4
51243	4
51244	4
51245	4
51246	4
51247	4
51248	4
51249	4
51250	4
51251	4
51252	4
51253	4
51254	4
51255	4
51256	4
51257	4
51258	4
51259	4
51260	4
51261	4
51262	4
51263	4
51264	4
51265	4
51266	4
51267	4
51268	4
51269	4
51270	4
51271	4
51272	4
51273	4
51274	4
51275	4
51276	4
51277	4
51278	4
51279	4
51280	4
51281	4
51282	4
51283	4
51284	4
51285	4
51286	4
51287	4
51288	4
51289	4
51290	4
51291	4
51292	4
51293	4
51294	4
51295	4
51296	4
51297	4
51298	4
51299	4
51300	4
51301	4
51302	4
51303	4
51304	4
51305	4
51306	4
51307	4
51308	4
51309	4
51310	4
51311	4
51312	4
51313	4
51314	4
51315	4
51316	4
51317	4
51318	4
51319	4
51320	4
51321	4
51322	4
51323	4
51324	4
51325	4
51326	4
51327	4
51328	4
51329	4
51330	4
51331	4
51332	4
51333	4
51334	4
51335	4
51336	4
51337	4
51338	4
51339	4
51340	4
51341	4
51342	4
51343	4
51344	4
51345	4
51346	4
51347	4
51348	4
51349	4
51350	4
51351	4
51352	4
51353	4
51354	4
51355	4
51356	4
51357	4
51358	4
51359	4
51360	4
51361	4
51362	4
51363	4
51364	4
51365	4
51366	4
51367	4
51368	4
51369	4
51370	4
51371	4
51372	4
51373	4
51374	4
51375	4
51376	4
51377	4
51378	4
51379	4
51380	4
51381	4
51382	4
51383	4
51384	4
51385	4
51386	4
51387	4
51388	4
51389	4
51390	4
51391	4
51392	4
51393	4
51394	4
51395	4
51396	4
51397	4
51398	4
51399	4
51400	4
51401	4
51402	4
51403	4
51404	4
51405	4
51406	4
51407	4
51408	4
51409	4
51410	4
51411	4
51412	4
51413	4
51414	4
51415	4
51416	4
51417	4
51418	4
51419	4
51420	4
51421	4
51422	4
51423	4
51424	4
51425	4
51426	4
51427	4
51428	4
51429	4
51430	4
51431	4
51432	4
51433	4
51434	4
51435	4
51436	4
51437	4
51438	4
51439	4
51440	4
51441	4
51442	4
51443	4
51444	4
51445	4
51446	4
51447	4
51448	4
51449	4
51450	4
51451	4
51452	4
51453	4
51454	4
51455	4
51456	4
51457	4
51458	4
51459	4
51460	4
51461	4
51462	4
51463	4
51464	4
51465	4
51466	4
51467	4
51468	4
51469	4
51470	4
51471	4
51472	4
51473	4
51474	4
51475	4
51476	4
51477	4
51478	4
51479	4
51480	4
51481	4
51482	4
51483	4
51484	4
51485	4
51486	4
51487	4
51488	4
51489	4
51490	4
51491	4
51492	4
51493	4
51494	4
51495	4
51496	4
51497	4
51498	4
51499	4
51500	4
51501	4
51502	4
51503	4
51504	4
51505	4
51506	4
51507	4
51508	4
51509	4
51510	4
51511	4
51512	4
51513	4
51514	4
51515	4
51516	4
51517	4
51518	4
51519	4
51520	4
51521	4
51522	4
51523	4
51524	4
51525	4
51526	4
51527	4
51528	4
51529	4
51530	4
51531	4
51532	4
51533	4
51534	4
51535	4
51536	4
51537	4
51538	4
51539	4
51540	4
51541	4
51542	4
51543	4
51544	4
51545	4
51546	4
51547	4
51548	4
51549	4
51550	4
51551	4
51552	4
51553	4
51554	4
51555	4
51556	4
51557	4
51558	4
51559	4
51560	4
51561	4
51562	4
51563	4
51564	4
51565	4
51566	4
51567	4
51568	4
51569	4
51570	4
51571	4
51572	4
51573	4
51574	4
51575	4
51576	4
51577	4
51578	4
51579	4
51580	4
51581	4
51582	4
51583	4
51584	4
51585	4
51586	4
51587	4
51588	4
51589	4
51590	4
51591	4
51592	4
51593	4
51594	4
51595	4
51596	4
51597	4
51598	4
51599	4
51600	4
51601	4
51602	4
51603	4
51604	4
51605	4
51606	4
51607	4
51608	4
51609	4
51610	4
51611	4
51612	4
51613	4
51614	4
51615	4
51616	4
51617	4
51618	4
51619	4
51620	4
51621	4
51622	4
51623	4
51624	4
51625	4
51626	4
51627	4
51628	4
51629	4
51630	4
51631	4
51632	4
51633	4
51634	4
51635	4
51636	4
51637	4
51638	4
51639	4
51640	4
51641	4
51642	4
51643	4
51644	4
51645	4
51646	4
51647	4
51648	4
51649	4
51650	4
51651	4
51652	4
51653	4
51654	4
51655	4
51656	4
51657	4
51658	4
51659	4
51660	4
51661	4
51662	4
51663	4
51664	4
51665	4
51666	4
51667	4
51668	4
51669	4
51670	4
51671	4
51672	4
51673	4
51674	4
51675	4
51676	4
51677	4
51678	4
51679	4
51680	4
51681	4
51682	4
51683	4
51684	4
51685	4
51686	4
51687	4
51688	4
51689	4
51690	4
51691	4
51692	4
51693	4
51694	4
51695	4
51696	4
51697	4
51698	4
51699	4
51700	4
51701	4
51702	4
51703	4
51704	4
51705	4
51706	4
51707	4
51708	4
51709	4
51710	4
51711	4
51712	4
51713	4
51714	4
51715	4
51716	4
51717	4
51718	4
51719	4
51720	4
51721	4
51722	4
51723	4
51724	4
51725	4
51726	4
51727	4
51728	4
51729	4
51730	4
51731	4
51732	4
51733	4
51734	4
51735	4
51736	4
51737	4
51738	4
51739	4
51740	4
51741	4
51742	4
51743	4
51744	4
51745	4
51746	4
51747	4
51748	4
51749	4
51750	4
51751	4
51752	4
51753	4
51754	4
51755	4
51756	4
51757	4
51758	4
51759	4
51760	4
51761	4
51762	4
51763	4
51764	4
51765	4
51766	4
51767	4
51768	4
51769	4
51770	4
51771	4
51772	4
51773	4
51774	4
51775	4
51776	4
51777	4
51778	4
51779	4
51780	4
51781	4
51782	4
51783	4
51784	4
51785	4
51786	4
51787	4
51788	4
51789	4
51790	4
51791	4
51792	4
51793	4
51794	4
51795	4
51796	4
51797	4
51798	4
51799	4
51800	4
51801	4
51802	4
51803	4
51804	4
51805	4
51806	4
51807	4
51808	4
51809	4
51810	4
51811	4
51812	4
51813	4
51814	4
51815	4
51816	4
51817	4
51818	4
51819	4
51820	4
51821	4
51822	4
51823	4
51824	4
51825	4
51826	4
51827	4
51828	4
51829	4
51830	4
51831	4
51832	4
51833	4
51834	4
51835	4
51836	4
51837	4
51838	4
51839	4
51840	4
51841	4
51842	4
51843	4
51844	4
51845	4
51846	4
51847	4
51848	4
51849	4
51850	4
51851	4
51852	4
51853	4
51854	4
51855	4
51856	4
51857	4
51858	4
51859	4
51860	4
51861	4
51862	4
51863	4
51864	4
51865	4
51866	4
51867	4
51868	4
51869	4
51870	4
51871	4
51872	4
51873	4
51874	4
51875	4
51876	4
51877	4
51878	4
51879	4
51880	4
51881	4
51882	4
51883	4
51884	4
51885	4
51886	4
51887	4
51888	4
51889	4
51890	4
51891	4
51892	4
51893	4
51894	4
51895	4
51896	4
51897	4
51898	4
51899	4
51900	4
51901	4
51902	4
51903	4
51904	4
51905	4
51906	4
51907	4
51908	4
51909	4
51910	4
51911	4
51912	4
51913	4
51914	4
51915	4
51916	4
51917	4
51918	4
51919	4
51920	4
51921	4
51922	4
51923	4
51924	4
51925	4
51926	4
51927	4
51928	4
51929	4
51930	4
51931	4
51932	4
51933	4
51934	4
51935	4
51936	4
51937	4
51938	4
51939	4
51940	4
51941	4
51942	4
51943	4
51944	4
51945	4
51946	4
51947	4
51948	4
51949	4
51950	4
51951	4
51952	4
51953	4
51954	4
51955	4
51956	4
51957	4
51958	4
51959	4
51960	4
51961	4
51962	4
51963	4
51964	4
51965	4
51966	4
51967	4
51968	4
51969	4
51970	4
51971	4
51972	4
51973	4
51974	4
51975	4
51976	4
51977	4
51978	4
51979	4
51980	4
51981	4
51982	4
51983	4
51984	4
51985	4
51986	4
51987	4
51988	4
51989	4
51990	4
51991	4
51992	4
51993	4
51994	4
51995	4
51996	4
51997	4
51998	4
51999	4
52000	4
52001	4
52002	4
52003	4
52004	4
52005	4
52006	4
52007	4
52008	4
52009	4
52010	4
52011	4
52012	4
52013	4
52014	4
52015	4
52016	4
52017	4
52018	4
52019	4
52020	4
52021	4
52022	4
52023	4
52024	4
52025	4
52026	4
52027	4
52028	4
52029	4
52030	4
52031	4
52032	4
52033	4
52034	4
52035	4
52036	4
52037	4
52038	4
52039	4
52040	4
52041	4
52042	4
52043	4
52044	4
52045	4
52046	4
52047	4
52048	4
52049	4
52050	4
52051	4
52052	4
52053	4
52054	4
52055	4
52056	4
52057	4
52058	4
52059	4
52060	4
52061	4
52062	4
52063	4
52064	4
52065	4
52066	4
52067	4
52068	4
52069	4
52070	4
52071	4
52072	4
52073	4
52074	4
52075	4
52076	4
52077	4
52078	4
52079	4
52080	4
52081	4
52082	4
52083	4
52084	4
52085	4
52086	4
52087	4
52088	4
52089	4
52090	4
52091	4
52092	4
52093	4
52094	4
52095	4
52096	4
52097	4
52098	4
52099	4
52100	4
52101	4
52102	4
52103	4
52104	4
52105	4
52106	4
52107	4
52108	4
52109	4
52110	4
52111	4
52112	4
52113	4
52114	4
52115	4
52116	4
52117	4
52118	4
52119	4
52120	4
52121	4
52122	4
52123	4
52124	4
52125	4
52126	4
52127	4
52128	4
52129	4
52130	4
52131	4
52132	4
52133	4
52134	4
52135	4
52136	4
52137	4
52138	4
52139	4
52140	4
52141	4
52142	4
52143	4
52144	4
52145	4
52146	4
52147	4
52148	4
52149	4
52150	4
52151	4
52152	4
52153	4
52154	4
52155	4
52156	4
52157	4
52158	4
52159	4
52160	4
52161	4
52162	4
52163	4
52164	4
52165	4
52166	4
52167	4
52168	4
52169	4
52170	4
52171	4
52172	4
52173	4
52174	4
52175	4
52176	4
52177	4
52178	4
52179	4
52180	4
52181	4
52182	4
52183	4
52184	4
52185	4
52186	4
52187	4
52188	4
52189	4
52190	4
52191	4
52192	4
52193	4
52194	4
52195	4
52196	4
52197	4
52198	4
52199	4
52200	4
52201	4
52202	4
52203	4
52204	4
52205	4
52206	4
52207	4
52208	4
52209	4
52210	4
52211	4
52212	4
52213	4
52214	4
52215	4
52216	4
52217	4
52218	4
52219	4
52220	4
52221	4
52222	4
52223	4
52224	4
52225	4
52226	4
52227	4
52228	4
52229	4
52230	4
52231	4
52232	4
52233	4
52234	4
52235	4
52236	4
52237	4
52238	4
52239	4
52240	4
52241	4
52242	4
52243	4
52244	4
52245	4
52246	4
52247	4
52248	4
52249	4
52250	4
52251	4
52252	4
52253	4
52254	4
52255	4
52256	4
52257	4
52258	4
52259	4
52260	4
52261	4
52262	4
52263	4
52264	4
52265	4
52266	4
52267	4
52268	4
52269	4
52270	4
52271	4
52272	4
52273	4
52274	4
52275	4
52276	4
52277	4
52278	4
52279	4
52280	4
52281	4
52282	4
52283	4
52284	4
52285	4
52286	4
52287	4
52288	4
52289	4
52290	4
52291	4
52292	4
52293	4
52294	4
52295	4
52296	4
52297	4
52298	4
52299	4
52300	4
52301	4
52302	4
52303	4
52304	4
52305	4
52306	4
52307	4
52308	4
52309	4
52310	4
52311	4
52312	4
52313	4
52314	4
52315	4
52316	4
52317	4
52318	4
52319	4
52320	4
52321	4
52322	4
52323	4
52324	4
52325	4
52326	4
52327	4
52328	4
52329	4
52330	4
52331	4
52332	4
52333	4
52334	4
52335	4
52336	4
52337	4
52338	4
52339	4
52340	4
52341	4
52342	4
52343	4
52344	4
52345	4
52346	4
52347	4
52348	4
52349	4
52350	4
52351	4
52352	4
52353	4
52354	4
52355	4
52356	4
52357	4
52358	4
52359	4
52360	4
52361	4
52362	4
52363	4
52364	4
52365	4
52366	4
52367	4
52368	4
52369	4
52370	4
52371	4
52372	4
52373	4
52374	4
52375	4
52376	4
52377	4
52378	4
52379	4
52380	4
52381	4
52382	4
52383	4
52384	4
52385	4
52386	4
52387	4
52388	4
52389	4
52390	4
52391	4
52392	4
52393	4
52394	4
52395	4
52396	4
52397	4
52398	4
52399	4
52400	4
52401	4
52402	4
52403	4
52404	4
52405	4
52406	4
52407	4
52408	4
52409	4
52410	4
52411	4
52412	4
52413	4
52414	4
52415	4
52416	4
52417	4
52418	4
52419	4
52420	4
52421	4
52422	4
52423	4
52424	4
52425	4
52426	4
52427	4
52428	4
52429	4
52430	4
52431	4
52432	4
52433	4
52434	4
52435	4
52436	4
52437	4
52438	4
52439	4
52440	4
52441	4
52442	4
52443	4
52444	4
52445	4
52446	4
52447	4
52448	4
52449	4
52450	4
52451	4
52452	4
52453	4
52454	4
52455	4
52456	4
52457	4
52458	4
52459	4
52460	4
52461	4
52462	4
52463	4
52464	4
52465	4
52466	4
52467	4
52468	4
52469	4
52470	4
52471	4
52472	4
52473	4
52474	4
52475	4
52476	4
52477	4
52478	4
52479	4
52480	4
52481	4
52482	4
52483	4
52484	4
52485	4
52486	4
52487	4
52488	4
52489	4
52490	4
52491	4
52492	4
52493	4
52494	4
52495	4
52496	4
52497	4
52498	4
52499	4
52500	4
