47500	8
47501	8
47502	8
47503	8
47504	8
47505	8
47506	8
47507	8
47508	8
47509	8
47510	8
47511	8
47512	8
47513	8
47514	8
47515	8
47516	8
47517	8
47518	8
47519	8
47520	8
47521	8
47522	8
47523	8
47524	8
47525	8
47526	8
47527	8
47528	8
47529	8
47530	8
47531	8
47532	8
47533	8
47534	8
47535	8
47536	8
47537	8
47538	8
47539	8
47540	8
47541	8
47542	8
47543	8
47544	8
47545	8
47546	8
47547	8
47548	8
47549	8
47550	8
47551	8
47552	8
47553	8
47554	8
47555	8
47556	8
47557	8
47558	8
47559	8
47560	8
47561	8
47562	8
47563	8
47564	8
47565	8
47566	8
47567	8
47568	8
47569	8
47570	8
47571	8
47572	8
47573	8
47574	8
47575	8
47576	8
47577	8
47578	8
47579	8
47580	8
47581	8
47582	8
47583	8
47584	8
47585	8
47586	8
47587	8
47588	8
47589	8
47590	8
47591	8
47592	8
47593	8
47594	8
47595	8
47596	8
47597	8
47598	8
47599	8
47600	8
47601	8
47602	8
47603	8
47604	8
47605	8
47606	8
47607	8
47608	8
47609	8
47610	8
47611	8
47612	8
47613	8
47614	8
47615	8
47616	8
47617	8
47618	8
47619	8
47620	8
47621	8
47622	8
47623	8
47624	8
47625	8
47626	8
47627	8
47628	8
47629	8
47630	8
47631	8
47632	8
47633	8
47634	8
47635	8
47636	8
47637	8
47638	8
47639	8
47640	8
47641	8
47642	8
47643	8
47644	8
47645	8
47646	8
47647	8
47648	8
47649	8
47650	8
47651	8
47652	8
47653	8
47654	8
47655	8
47656	8
47657	8
47658	8
47659	8
47660	8
47661	8
47662	8
47663	8
47664	8
47665	8
47666	8
47667	8
47668	8
47669	8
47670	8
47671	8
47672	8
47673	8
47674	8
47675	8
47676	8
47677	8
47678	8
47679	8
47680	8
47681	8
47682	8
47683	8
47684	8
47685	8
47686	8
47687	8
47688	8
47689	8
47690	8
47691	8
47692	8
47693	8
47694	8
47695	8
47696	8
47697	8
47698	8
47699	8
47700	8
47701	8
47702	8
47703	8
47704	8
47705	8
47706	8
47707	8
47708	8
47709	8
47710	8
47711	8
47712	8
47713	8
47714	8
47715	8
47716	8
47717	8
47718	8
47719	8
47720	8
47721	8
47722	8
47723	8
47724	8
47725	8
47726	8
47727	8
47728	8
47729	8
47730	8
47731	8
47732	8
47733	8
47734	8
47735	8
47736	8
47737	8
47738	8
47739	8
47740	8
47741	8
47742	8
47743	8
47744	8
47745	8
47746	8
47747	8
47748	8
47749	8
47750	8
47751	8
47752	8
47753	8
47754	8
47755	8
47756	8
47757	8
47758	8
47759	8
47760	8
47761	8
47762	8
47763	8
47764	8
47765	8
47766	8
47767	8
47768	8
47769	8
47770	8
47771	8
47772	8
47773	8
47774	8
47775	8
47776	8
47777	8
47778	8
47779	8
47780	8
47781	8
47782	8
47783	8
47784	8
47785	8
47786	8
47787	8
47788	8
47789	8
47790	8
47791	8
47792	8
47793	8
47794	8
47795	8
47796	8
47797	8
47798	8
47799	8
47800	8
47801	8
47802	8
47803	8
47804	8
47805	8
47806	8
47807	8
47808	8
47809	8
47810	8
47811	8
47812	8
47813	8
47814	8
47815	8
47816	8
47817	8
47818	8
47819	8
47820	8
47821	8
47822	8
47823	8
47824	8
47825	8
47826	8
47827	8
47828	8
47829	8
47830	8
47831	8
47832	8
47833	8
47834	8
47835	8
47836	8
47837	8
47838	8
47839	8
47840	8
47841	8
47842	8
47843	8
47844	8
47845	8
47846	8
47847	8
47848	8
47849	8
47850	8
47851	8
47852	8
47853	8
47854	8
47855	8
47856	8
47857	8
47858	8
47859	8
47860	8
47861	8
47862	8
47863	8
47864	8
47865	8
47866	8
47867	8
47868	8
47869	8
47870	8
47871	8
47872	8
47873	8
47874	8
47875	8
47876	8
47877	8
47878	8
47879	8
47880	8
47881	8
47882	8
47883	8
47884	8
47885	8
47886	8
47887	8
47888	8
47889	8
47890	8
47891	8
47892	8
47893	8
47894	8
47895	8
47896	8
47897	8
47898	8
47899	8
47900	8
47901	8
47902	8
47903	8
47904	8
47905	8
47906	8
47907	8
47908	8
47909	8
47910	8
47911	8
47912	8
47913	8
47914	8
47915	8
47916	8
47917	8
47918	8
47919	8
47920	8
47921	8
47922	8
47923	8
47924	8
47925	8
47926	8
47927	8
47928	8
47929	8
47930	8
47931	8
47932	8
47933	8
47934	8
47935	8
47936	8
47937	8
47938	8
47939	8
47940	8
47941	8
47942	8
47943	8
47944	8
47945	8
47946	8
47947	8
47948	8
47949	8
47950	8
47951	8
47952	8
47953	8
47954	8
47955	8
47956	8
47957	8
47958	8
47959	8
47960	8
47961	8
47962	8
47963	8
47964	8
47965	8
47966	8
47967	8
47968	8
47969	8
47970	8
47971	8
47972	8
47973	8
47974	8
47975	8
47976	8
47977	8
47978	8
47979	8
47980	8
47981	8
47982	8
47983	8
47984	8
47985	8
47986	8
47987	8
47988	8
47989	8
47990	8
47991	8
47992	8
47993	8
47994	8
47995	8
47996	8
47997	8
47998	8
47999	8
48000	8
48001	8
48002	8
48003	8
48004	8
48005	8
48006	8
48007	8
48008	8
48009	8
48010	8
48011	8
48012	8
48013	8
48014	8
48015	8
48016	8
48017	8
48018	8
48019	8
48020	8
48021	8
48022	8
48023	8
48024	8
48025	8
48026	8
48027	8
48028	8
48029	8
48030	8
48031	8
48032	8
48033	8
48034	8
48035	8
48036	8
48037	8
48038	8
48039	8
48040	8
48041	8
48042	8
48043	8
48044	8
48045	8
48046	8
48047	8
48048	8
48049	8
48050	8
48051	8
48052	8
48053	8
48054	8
48055	8
48056	8
48057	8
48058	8
48059	8
48060	8
48061	8
48062	8
48063	8
48064	8
48065	8
48066	8
48067	8
48068	8
48069	8
48070	8
48071	8
48072	8
48073	8
48074	8
48075	8
48076	8
48077	8
48078	8
48079	8
48080	8
48081	8
48082	8
48083	8
48084	8
48085	8
48086	8
48087	8
48088	8
48089	8
48090	8
48091	8
48092	8
48093	8
48094	8
48095	8
48096	8
48097	8
48098	8
48099	8
48100	8
48101	8
48102	8
48103	8
48104	8
48105	8
48106	8
48107	8
48108	8
48109	8
48110	8
48111	8
48112	8
48113	8
48114	8
48115	8
48116	8
48117	8
48118	8
48119	8
48120	8
48121	8
48122	8
48123	8
48124	8
48125	8
48126	8
48127	8
48128	8
48129	8
48130	8
48131	8
48132	8
48133	8
48134	8
48135	8
48136	8
48137	8
48138	8
48139	8
48140	8
48141	8
48142	8
48143	8
48144	8
48145	8
48146	8
48147	8
48148	8
48149	8
48150	8
48151	8
48152	8
48153	8
48154	8
48155	8
48156	8
48157	8
48158	8
48159	8
48160	8
48161	8
48162	8
48163	8
48164	8
48165	8
48166	8
48167	8
48168	8
48169	8
48170	8
48171	8
48172	8
48173	8
48174	8
48175	8
48176	8
48177	8
48178	8
48179	8
48180	8
48181	8
48182	8
48183	8
48184	8
48185	8
48186	8
48187	8
48188	8
48189	8
48190	8
48191	8
48192	8
48193	8
48194	8
48195	8
48196	8
48197	8
48198	8
48199	8
48200	8
48201	8
48202	8
48203	8
48204	8
48205	8
48206	8
48207	8
48208	8
48209	8
48210	8
48211	8
48212	8
48213	8
48214	8
48215	8
48216	8
48217	8
48218	8
48219	8
48220	8
48221	8
48222	8
48223	8
48224	8
48225	8
48226	8
48227	8
48228	8
48229	8
48230	8
48231	8
48232	8
48233	8
48234	8
48235	8
48236	8
48237	8
48238	8
48239	8
48240	8
48241	8
48242	8
48243	8
48244	8
48245	8
48246	8
48247	8
48248	8
48249	8
48250	8
48251	8
48252	8
48253	8
48254	8
48255	8
48256	8
48257	8
48258	8
48259	8
48260	8
48261	8
48262	8
48263	8
48264	8
48265	8
48266	8
48267	8
48268	8
48269	8
48270	8
48271	8
48272	8
48273	8
48274	8
48275	8
48276	8
48277	8
48278	8
48279	8
48280	8
48281	8
48282	8
48283	8
48284	8
48285	8
48286	8
48287	8
48288	8
48289	8
48290	8
48291	8
48292	8
48293	8
48294	8
48295	8
48296	8
48297	8
48298	8
48299	8
48300	8
48301	8
48302	8
48303	8
48304	8
48305	8
48306	8
48307	8
48308	8
48309	8
48310	8
48311	8
48312	8
48313	8
48314	8
48315	8
48316	8
48317	8
48318	8
48319	8
48320	8
48321	8
48322	8
48323	8
48324	8
48325	8
48326	8
48327	8
48328	8
48329	8
48330	8
48331	8
48332	8
48333	8
48334	8
48335	8
48336	8
48337	8
48338	8
48339	8
48340	8
48341	8
48342	8
48343	8
48344	8
48345	8
48346	8
48347	8
48348	8
48349	8
48350	8
48351	8
48352	8
48353	8
48354	8
48355	8
48356	8
48357	8
48358	8
48359	8
48360	8
48361	8
48362	8
48363	8
48364	8
48365	8
48366	8
48367	8
48368	8
48369	8
48370	8
48371	8
48372	8
48373	8
48374	8
48375	8
48376	8
48377	8
48378	8
48379	8
48380	8
48381	8
48382	8
48383	8
48384	8
48385	8
48386	8
48387	8
48388	8
48389	8
48390	8
48391	8
48392	8
48393	8
48394	8
48395	8
48396	8
48397	8
48398	8
48399	8
48400	8
48401	8
48402	8
48403	8
48404	8
48405	8
48406	8
48407	8
48408	8
48409	8
48410	8
48411	8
48412	8
48413	8
48414	8
48415	8
48416	8
48417	8
48418	8
48419	8
48420	8
48421	8
48422	8
48423	8
48424	8
48425	8
48426	8
48427	8
48428	8
48429	8
48430	8
48431	8
48432	8
48433	8
48434	8
48435	8
48436	8
48437	8
48438	8
48439	8
48440	8
48441	8
48442	8
48443	8
48444	8
48445	8
48446	8
48447	8
48448	8
48449	8
48450	8
48451	8
48452	8
48453	8
48454	8
48455	8
48456	8
48457	8
48458	8
48459	8
48460	8
48461	8
48462	8
48463	8
48464	8
48465	8
48466	8
48467	8
48468	8
48469	8
48470	8
48471	8
48472	8
48473	8
48474	8
48475	8
48476	8
48477	8
48478	8
48479	8
48480	8
48481	8
48482	8
48483	8
48484	8
48485	8
48486	8
48487	8
48488	8
48489	8
48490	8
48491	8
48492	8
48493	8
48494	8
48495	8
48496	8
48497	8
48498	8
48499	8
48500	8
48501	8
48502	8
48503	8
48504	8
48505	8
48506	8
48507	8
48508	8
48509	8
48510	8
48511	8
48512	8
48513	8
48514	8
48515	8
48516	8
48517	8
48518	8
48519	8
48520	8
48521	8
48522	8
48523	8
48524	8
48525	8
48526	8
48527	8
48528	8
48529	8
48530	8
48531	8
48532	8
48533	8
48534	8
48535	8
48536	8
48537	8
48538	8
48539	8
48540	8
48541	8
48542	8
48543	8
48544	8
48545	8
48546	8
48547	8
48548	8
48549	8
48550	8
48551	8
48552	8
48553	8
48554	8
48555	8
48556	8
48557	8
48558	8
48559	8
48560	8
48561	8
48562	8
48563	8
48564	8
48565	8
48566	8
48567	8
48568	8
48569	8
48570	8
48571	8
48572	8
48573	8
48574	8
48575	8
48576	8
48577	8
48578	8
48579	8
48580	8
48581	8
48582	8
48583	8
48584	8
48585	8
48586	8
48587	8
48588	8
48589	8
48590	8
48591	8
48592	8
48593	8
48594	8
48595	8
48596	8
48597	8
48598	8
48599	8
48600	8
48601	8
48602	8
48603	8
48604	8
48605	8
48606	8
48607	8
48608	8
48609	8
48610	8
48611	8
48612	8
48613	8
48614	8
48615	8
48616	8
48617	8
48618	8
48619	8
48620	8
48621	8
48622	8
48623	8
48624	8
48625	8
48626	8
48627	8
48628	8
48629	8
48630	8
48631	8
48632	8
48633	8
48634	8
48635	8
48636	8
48637	8
48638	8
48639	8
48640	8
48641	8
48642	8
48643	8
48644	8
48645	8
48646	8
48647	8
48648	8
48649	8
48650	8
48651	8
48652	8
48653	8
48654	8
48655	8
48656	8
48657	8
48658	8
48659	8
48660	8
48661	8
48662	8
48663	8
48664	8
48665	8
48666	8
48667	8
48668	8
48669	8
48670	8
48671	8
48672	8
48673	8
48674	8
48675	8
48676	8
48677	8
48678	8
48679	8
48680	8
48681	8
48682	8
48683	8
48684	8
48685	8
48686	8
48687	8
48688	8
48689	8
48690	8
48691	8
48692	8
48693	8
48694	8
48695	8
48696	8
48697	8
48698	8
48699	8
48700	8
48701	8
48702	8
48703	8
48704	8
48705	8
48706	8
48707	8
48708	8
48709	8
48710	8
48711	8
48712	8
48713	8
48714	8
48715	8
48716	8
48717	8
48718	8
48719	8
48720	8
48721	8
48722	8
48723	8
48724	8
48725	8
48726	8
48727	8
48728	8
48729	8
48730	8
48731	8
48732	8
48733	8
48734	8
48735	8
48736	8
48737	8
48738	8
48739	8
48740	8
48741	8
48742	8
48743	8
48744	8
48745	8
48746	8
48747	8
48748	8
48749	8
48750	8
48751	8
48752	8
48753	8
48754	8
48755	8
48756	8
48757	8
48758	8
48759	8
48760	8
48761	8
48762	8
48763	8
48764	8
48765	8
48766	8
48767	8
48768	8
48769	8
48770	8
48771	8
48772	8
48773	8
48774	8
48775	8
48776	8
48777	8
48778	8
48779	8
48780	8
48781	8
48782	8
48783	8
48784	8
48785	8
48786	8
48787	8
48788	8
48789	8
48790	8
48791	8
48792	8
48793	8
48794	8
48795	8
48796	8
48797	8
48798	8
48799	8
48800	8
48801	8
48802	8
48803	8
48804	8
48805	8
48806	8
48807	8
48808	8
48809	8
48810	8
48811	8
48812	8
48813	8
48814	8
48815	8
48816	8
48817	8
48818	8
48819	8
48820	8
48821	8
48822	8
48823	8
48824	8
48825	8
48826	8
48827	8
48828	8
48829	8
48830	8
48831	8
48832	8
48833	8
48834	8
48835	8
48836	8
48837	8
48838	8
48839	8
48840	8
48841	8
48842	8
48843	8
48844	8
48845	8
48846	8
48847	8
48848	8
48849	8
48850	8
48851	8
48852	8
48853	8
48854	8
48855	8
48856	8
48857	8
48858	8
48859	8
48860	8
48861	8
48862	8
48863	8
48864	8
48865	8
48866	8
48867	8
48868	8
48869	8
48870	8
48871	8
48872	8
48873	8
48874	8
48875	8
48876	8
48877	8
48878	8
48879	8
48880	8
48881	8
48882	8
48883	8
48884	8
48885	8
48886	8
48887	8
48888	8
48889	8
48890	8
48891	8
48892	8
48893	8
48894	8
48895	8
48896	8
48897	8
48898	8
48899	8
48900	8
48901	8
48902	8
48903	8
48904	8
48905	8
48906	8
48907	8
48908	8
48909	8
48910	8
48911	8
48912	8
48913	8
48914	8
48915	8
48916	8
48917	8
48918	8
48919	8
48920	8
48921	8
48922	8
48923	8
48924	8
48925	8
48926	8
48927	8
48928	8
48929	8
48930	8
48931	8
48932	8
48933	8
48934	8
48935	8
48936	8
48937	8
48938	8
48939	8
48940	8
48941	8
48942	8
48943	8
48944	8
48945	8
48946	8
48947	8
48948	8
48949	8
48950	8
48951	8
48952	8
48953	8
48954	8
48955	8
48956	8
48957	8
48958	8
48959	8
48960	8
48961	8
48962	8
48963	8
48964	8
48965	8
48966	8
48967	8
48968	8
48969	8
48970	8
48971	8
48972	8
48973	8
48974	8
48975	8
48976	8
48977	8
48978	8
48979	8
48980	8
48981	8
48982	8
48983	8
48984	8
48985	8
48986	8
48987	8
48988	8
48989	8
48990	8
48991	8
48992	8
48993	8
48994	8
48995	8
48996	8
48997	8
48998	8
48999	8
49000	8
49001	8
49002	8
49003	8
49004	8
49005	8
49006	8
49007	8
49008	8
49009	8
49010	8
49011	8
49012	8
49013	8
49014	8
49015	8
49016	8
49017	8
49018	8
49019	8
49020	8
49021	8
49022	8
49023	8
49024	8
49025	8
49026	8
49027	8
49028	8
49029	8
49030	8
49031	8
49032	8
49033	8
49034	8
49035	8
49036	8
49037	8
49038	8
49039	8
49040	8
49041	8
49042	8
49043	8
49044	8
49045	8
49046	8
49047	8
49048	8
49049	8
49050	8
49051	8
49052	8
49053	8
49054	8
49055	8
49056	8
49057	8
49058	8
49059	8
49060	8
49061	8
49062	8
49063	8
49064	8
49065	8
49066	8
49067	8
49068	8
49069	8
49070	8
49071	8
49072	8
49073	8
49074	8
49075	8
49076	8
49077	8
49078	8
49079	8
49080	8
49081	8
49082	8
49083	8
49084	8
49085	8
49086	8
49087	8
49088	8
49089	8
49090	8
49091	8
49092	8
49093	8
49094	8
49095	8
49096	8
49097	8
49098	8
49099	8
49100	8
49101	8
49102	8
49103	8
49104	8
49105	8
49106	8
49107	8
49108	8
49109	8
49110	8
49111	8
49112	8
49113	8
49114	8
49115	8
49116	8
49117	8
49118	8
49119	8
49120	8
49121	8
49122	8
49123	8
49124	8
49125	8
49126	8
49127	8
49128	8
49129	8
49130	8
49131	8
49132	8
49133	8
49134	8
49135	8
49136	8
49137	8
49138	8
49139	8
49140	8
49141	8
49142	8
49143	8
49144	8
49145	8
49146	8
49147	8
49148	8
49149	8
49150	8
49151	8
49152	8
49153	8
49154	8
49155	8
49156	8
49157	8
49158	8
49159	8
49160	8
49161	8
49162	8
49163	8
49164	8
49165	8
49166	8
49167	8
49168	8
49169	8
49170	8
49171	8
49172	8
49173	8
49174	8
49175	8
49176	8
49177	8
49178	8
49179	8
49180	8
49181	8
49182	8
49183	8
49184	8
49185	8
49186	8
49187	8
49188	8
49189	8
49190	8
49191	8
49192	8
49193	8
49194	8
49195	8
49196	8
49197	8
49198	8
49199	8
49200	8
49201	8
49202	8
49203	8
49204	8
49205	8
49206	8
49207	8
49208	8
49209	8
49210	8
49211	8
49212	8
49213	8
49214	8
49215	8
49216	8
49217	8
49218	8
49219	8
49220	8
49221	8
49222	8
49223	8
49224	8
49225	8
49226	8
49227	8
49228	8
49229	8
49230	8
49231	8
49232	8
49233	8
49234	8
49235	8
49236	8
49237	8
49238	8
49239	8
49240	8
49241	8
49242	8
49243	8
49244	8
49245	8
49246	8
49247	8
49248	8
49249	8
49250	8
49251	8
49252	8
49253	8
49254	8
49255	8
49256	8
49257	8
49258	8
49259	8
49260	8
49261	8
49262	8
49263	8
49264	8
49265	8
49266	8
49267	8
49268	8
49269	8
49270	8
49271	8
49272	8
49273	8
49274	8
49275	8
49276	8
49277	8
49278	8
49279	8
49280	8
49281	8
49282	8
49283	8
49284	8
49285	8
49286	8
49287	8
49288	8
49289	8
49290	8
49291	8
49292	8
49293	8
49294	8
49295	8
49296	8
49297	8
49298	8
49299	8
49300	8
49301	8
49302	8
49303	8
49304	8
49305	8
49306	8
49307	8
49308	8
49309	8
49310	8
49311	8
49312	8
49313	8
49314	8
49315	8
49316	8
49317	8
49318	8
49319	8
49320	8
49321	8
49322	8
49323	8
49324	8
49325	8
49326	8
49327	8
49328	8
49329	8
49330	8
49331	8
49332	8
49333	8
49334	8
49335	8
49336	8
49337	8
49338	8
49339	8
49340	8
49341	8
49342	8
49343	8
49344	8
49345	8
49346	8
49347	8
49348	8
49349	8
49350	8
49351	8
49352	8
49353	8
49354	8
49355	8
49356	8
49357	8
49358	8
49359	8
49360	8
49361	8
49362	8
49363	8
49364	8
49365	8
49366	8
49367	8
49368	8
49369	8
49370	8
49371	8
49372	8
49373	8
49374	8
49375	8
49376	8
49377	8
49378	8
49379	8
49380	8
49381	8
49382	8
49383	8
49384	8
49385	8
49386	8
49387	8
49388	8
49389	8
49390	8
49391	8
49392	8
49393	8
49394	8
49395	8
49396	8
49397	8
49398	8
49399	8
49400	8
49401	8
49402	8
49403	8
49404	8
49405	8
49406	8
49407	8
49408	8
49409	8
49410	8
49411	8
49412	8
49413	8
49414	8
49415	8
49416	8
49417	8
49418	8
49419	8
49420	8
49421	8
49422	8
49423	8
49424	8
49425	8
49426	8
49427	8
49428	8
49429	8
49430	8
49431	8
49432	8
49433	8
49434	8
49435	8
49436	8
49437	8
49438	8
49439	8
49440	8
49441	8
49442	8
49443	8
49444	8
49445	8
49446	8
49447	8
49448	8
49449	8
49450	8
49451	8
49452	8
49453	8
49454	8
49455	8
49456	8
49457	8
49458	8
49459	8
49460	8
49461	8
49462	8
49463	8
49464	8
49465	8
49466	8
49467	8
49468	8
49469	8
49470	8
49471	8
49472	8
49473	8
49474	8
49475	8
49476	8
49477	8
49478	8
49479	8
49480	8
49481	8
49482	8
49483	8
49484	8
49485	8
49486	8
49487	8
49488	8
49489	8
49490	8
49491	8
49492	8
49493	8
49494	8
49495	8
49496	8
49497	8
49498	8
49499	8
49500	8
49501	8
49502	8
49503	8
49504	8
49505	8
49506	8
49507	8
49508	8
49509	8
49510	8
49511	8
49512	8
49513	8
49514	8
49515	8
49516	8
49517	8
49518	8
49519	8
49520	8
49521	8
49522	8
49523	8
49524	8
49525	8
49526	8
49527	8
49528	8
49529	8
49530	8
49531	8
49532	8
49533	8
49534	8
49535	8
49536	8
49537	8
49538	8
49539	8
49540	8
49541	8
49542	8
49543	8
49544	8
49545	8
49546	8
49547	8
49548	8
49549	8
49550	8
49551	8
49552	8
49553	8
49554	8
49555	8
49556	8
49557	8
49558	8
49559	8
49560	8
49561	8
49562	8
49563	8
49564	8
49565	8
49566	8
49567	8
49568	8
49569	8
49570	8
49571	8
49572	8
49573	8
49574	8
49575	8
49576	8
49577	8
49578	8
49579	8
49580	8
49581	8
49582	8
49583	8
49584	8
49585	8
49586	8
49587	8
49588	8
49589	8
49590	8
49591	8
49592	8
49593	8
49594	8
49595	8
49596	8
49597	8
49598	8
49599	8
49600	8
49601	8
49602	8
49603	8
49604	8
49605	8
49606	8
49607	8
49608	8
49609	8
49610	8
49611	8
49612	8
49613	8
49614	8
49615	8
49616	8
49617	8
49618	8
49619	8
49620	8
49621	8
49622	8
49623	8
49624	8
49625	8
49626	8
49627	8
49628	8
49629	8
49630	8
49631	8
49632	8
49633	8
49634	8
49635	8
49636	8
49637	8
49638	8
49639	8
49640	8
49641	8
49642	8
49643	8
49644	8
49645	8
49646	8
49647	8
49648	8
49649	8
49650	8
49651	8
49652	8
49653	8
49654	8
49655	8
49656	8
49657	8
49658	8
49659	8
49660	8
49661	8
49662	8
49663	8
49664	8
49665	8
49666	8
49667	8
49668	8
49669	8
49670	8
49671	8
49672	8
49673	8
49674	8
49675	8
49676	8
49677	8
49678	8
49679	8
49680	8
49681	8
49682	8
49683	8
49684	8
49685	8
49686	8
49687	8
49688	8
49689	8
49690	8
49691	8
49692	8
49693	8
49694	8
49695	8
49696	8
49697	8
49698	8
49699	8
49700	8
49701	8
49702	8
49703	8
49704	8
49705	8
49706	8
49707	8
49708	8
49709	8
49710	8
49711	8
49712	8
49713	8
49714	8
49715	8
49716	8
49717	8
49718	8
49719	8
49720	8
49721	8
49722	8
49723	8
49724	8
49725	8
49726	8
49727	8
49728	8
49729	8
49730	8
49731	8
49732	8
49733	8
49734	8
49735	8
49736	8
49737	8
49738	8
49739	8
49740	8
49741	8
49742	8
49743	8
49744	8
49745	8
49746	8
49747	8
49748	8
49749	8
49750	8
49751	8
49752	8
49753	8
49754	8
49755	8
49756	8
49757	8
49758	8
49759	8
49760	8
49761	8
49762	8
49763	8
49764	8
49765	8
49766	8
49767	8
49768	8
49769	8
49770	8
49771	8
49772	8
49773	8
49774	8
49775	8
49776	8
49777	8
49778	8
49779	8
49780	8
49781	8
49782	8
49783	8
49784	8
49785	8
49786	8
49787	8
49788	8
49789	8
49790	8
49791	8
49792	8
49793	8
49794	8
49795	8
49796	8
49797	8
49798	8
49799	8
49800	8
49801	8
49802	8
49803	8
49804	8
49805	8
49806	8
49807	8
49808	8
49809	8
49810	8
49811	8
49812	8
49813	8
49814	8
49815	8
49816	8
49817	8
49818	8
49819	8
49820	8
49821	8
49822	8
49823	8
49824	8
49825	8
49826	8
49827	8
49828	8
49829	8
49830	8
49831	8
49832	8
49833	8
49834	8
49835	8
49836	8
49837	8
49838	8
49839	8
49840	8
49841	8
49842	8
49843	8
49844	8
49845	8
49846	8
49847	8
49848	8
49849	8
49850	8
49851	8
49852	8
49853	8
49854	8
49855	8
49856	8
49857	8
49858	8
49859	8
49860	8
49861	8
49862	8
49863	8
49864	8
49865	8
49866	8
49867	8
49868	8
49869	8
49870	8
49871	8
49872	8
49873	8
49874	8
49875	8
49876	8
49877	8
49878	8
49879	8
49880	8
49881	8
49882	8
49883	8
49884	8
49885	8
49886	8
49887	8
49888	8
49889	8
49890	8
49891	8
49892	8
49893	8
49894	8
49895	8
49896	8
49897	8
49898	8
49899	8
49900	8
49901	8
49902	8
49903	8
49904	8
49905	8
49906	8
49907	8
49908	8
49909	8
49910	8
49911	8
49912	8
49913	8
49914	8
49915	8
49916	8
49917	8
49918	8
49919	8
49920	8
49921	8
49922	8
49923	8
49924	8
49925	8
49926	8
49927	8
49928	8
49929	8
49930	8
49931	8
49932	8
49933	8
49934	8
49935	8
49936	8
49937	8
49938	8
49939	8
49940	8
49941	8
49942	8
49943	8
49944	8
49945	8
49946	8
49947	8
49948	8
49949	8
49950	8
49951	8
49952	8
49953	8
49954	8
49955	8
49956	8
49957	8
49958	8
49959	8
49960	8
49961	8
49962	8
49963	8
49964	8
49965	8
49966	8
49967	8
49968	8
49969	8
49970	8
49971	8
49972	8
49973	8
49974	8
49975	8
49976	8
49977	8
49978	8
49979	8
49980	8
49981	8
49982	8
49983	8
49984	8
49985	8
49986	8
49987	8
49988	8
49989	8
49990	8
49991	8
49992	8
49993	8
49994	8
49995	8
49996	8
49997	8
49998	8
49999	8
50000	8
50001	8
50002	8
50003	8
50004	8
50005	8
50006	8
50007	8
50008	8
50009	8
50010	8
50011	8
50012	8
50013	8
50014	8
50015	8
50016	8
50017	8
50018	8
50019	8
50020	8
50021	8
50022	8
50023	8
50024	8
50025	8
50026	8
50027	8
50028	8
50029	8
50030	8
50031	8
50032	8
50033	8
50034	8
50035	8
50036	8
50037	8
50038	8
50039	8
50040	8
50041	8
50042	8
50043	8
50044	8
50045	8
50046	8
50047	8
50048	8
50049	8
50050	8
50051	8
50052	8
50053	8
50054	8
50055	8
50056	8
50057	8
50058	8
50059	8
50060	8
50061	8
50062	8
50063	8
50064	8
50065	8
50066	8
50067	8
50068	8
50069	8
50070	8
50071	8
50072	8
50073	8
50074	8
50075	8
50076	8
50077	8
50078	8
50079	8
50080	8
50081	8
50082	8
50083	8
50084	8
50085	8
50086	8
50087	8
50088	8
50089	8
50090	8
50091	8
50092	8
50093	8
50094	8
50095	8
50096	8
50097	8
50098	8
50099	8
50100	8
50101	8
50102	8
50103	8
50104	8
50105	8
50106	8
50107	8
50108	8
50109	8
50110	8
50111	8
50112	8
50113	8
50114	8
50115	8
50116	8
50117	8
50118	8
50119	8
50120	8
50121	8
50122	8
50123	8
50124	8
50125	8
50126	8
50127	8
50128	8
50129	8
50130	8
50131	8
50132	8
50133	8
50134	8
50135	8
50136	8
50137	8
50138	8
50139	8
50140	8
50141	8
50142	8
50143	8
50144	8
50145	8
50146	8
50147	8
50148	8
50149	8
50150	8
50151	8
50152	8
50153	8
50154	8
50155	8
50156	8
50157	8
50158	8
50159	8
50160	8
50161	8
50162	8
50163	8
50164	8
50165	8
50166	8
50167	8
50168	8
50169	8
50170	8
50171	8
50172	8
50173	8
50174	8
50175	8
50176	8
50177	8
50178	8
50179	8
50180	8
50181	8
50182	8
50183	8
50184	8
50185	8
50186	8
50187	8
50188	8
50189	8
50190	8
50191	8
50192	8
50193	8
50194	8
50195	8
50196	8
50197	8
50198	8
50199	8
50200	8
50201	8
50202	8
50203	8
50204	8
50205	8
50206	8
50207	8
50208	8
50209	8
50210	8
50211	8
50212	8
50213	8
50214	8
50215	8
50216	8
50217	8
50218	8
50219	8
50220	8
50221	8
50222	8
50223	8
50224	8
50225	8
50226	8
50227	8
50228	8
50229	8
50230	8
50231	8
50232	8
50233	8
50234	8
50235	8
50236	8
50237	8
50238	8
50239	8
50240	8
50241	8
50242	8
50243	8
50244	8
50245	8
50246	8
50247	8
50248	8
50249	8
50250	8
50251	8
50252	8
50253	8
50254	8
50255	8
50256	8
50257	8
50258	8
50259	8
50260	8
50261	8
50262	8
50263	8
50264	8
50265	8
50266	8
50267	8
50268	8
50269	8
50270	8
50271	8
50272	8
50273	8
50274	8
50275	8
50276	8
50277	8
50278	8
50279	8
50280	8
50281	8
50282	8
50283	8
50284	8
50285	8
50286	8
50287	8
50288	8
50289	8
50290	8
50291	8
50292	8
50293	8
50294	8
50295	8
50296	8
50297	8
50298	8
50299	8
50300	8
50301	8
50302	8
50303	8
50304	8
50305	8
50306	8
50307	8
50308	8
50309	8
50310	8
50311	8
50312	8
50313	8
50314	8
50315	8
50316	8
50317	8
50318	8
50319	8
50320	8
50321	8
50322	8
50323	8
50324	8
50325	8
50326	8
50327	8
50328	8
50329	8
50330	8
50331	8
50332	8
50333	8
50334	8
50335	8
50336	8
50337	8
50338	8
50339	8
50340	8
50341	8
50342	8
50343	8
50344	8
50345	8
50346	8
50347	8
50348	8
50349	8
50350	8
50351	8
50352	8
50353	8
50354	8
50355	8
50356	8
50357	8
50358	8
50359	8
50360	8
50361	8
50362	8
50363	8
50364	8
50365	8
50366	8
50367	8
50368	8
50369	8
50370	8
50371	8
50372	8
50373	8
50374	8
50375	8
50376	8
50377	8
50378	8
50379	8
50380	8
50381	8
50382	8
50383	8
50384	8
50385	8
50386	8
50387	8
50388	8
50389	8
50390	8
50391	8
50392	8
50393	8
50394	8
50395	8
50396	8
50397	8
50398	8
50399	8
50400	8
50401	8
50402	8
50403	8
50404	8
50405	8
50406	8
50407	8
50408	8
50409	8
50410	8
50411	8
50412	8
50413	8
50414	8
50415	8
50416	8
50417	8
50418	8
50419	8
50420	8
50421	8
50422	8
50423	8
50424	8
50425	8
50426	8
50427	8
50428	8
50429	8
50430	8
50431	8
50432	8
50433	8
50434	8
50435	8
50436	8
50437	8
50438	8
50439	8
50440	8
50441	8
50442	8
50443	8
50444	8
50445	8
50446	8
50447	8
50448	8
50449	8
50450	8
50451	8
50452	8
50453	8
50454	8
50455	8
50456	8
50457	8
50458	8
50459	8
50460	8
50461	8
50462	8
50463	8
50464	8
50465	8
50466	8
50467	8
50468	8
50469	8
50470	8
50471	8
50472	8
50473	8
50474	8
50475	8
50476	8
50477	8
50478	8
50479	8
50480	8
50481	8
50482	8
50483	8
50484	8
50485	8
50486	8
50487	8
50488	8
50489	8
50490	8
50491	8
50492	8
50493	8
50494	8
50495	8
50496	8
50497	8
50498	8
50499	8
50500	8
50501	8
50502	8
50503	8
50504	8
50505	8
50506	8
50507	8
50508	8
50509	8
50510	8
50511	8
50512	8
50513	8
50514	8
50515	8
50516	8
50517	8
50518	8
50519	8
50520	8
50521	8
50522	8
50523	8
50524	8
50525	8
50526	8
50527	8
50528	8
50529	8
50530	8
50531	8
50532	8
50533	8
50534	8
50535	8
50536	8
50537	8
50538	8
50539	8
50540	8
50541	8
50542	8
50543	8
50544	8
50545	8
50546	8
50547	8
50548	8
50549	8
50550	8
50551	8
50552	8
50553	8
50554	8
50555	8
50556	8
50557	8
50558	8
50559	8
50560	8
50561	8
50562	8
50563	8
50564	8
50565	8
50566	8
50567	8
50568	8
50569	8
50570	8
50571	8
50572	8
50573	8
50574	8
50575	8
50576	8
50577	8
50578	8
50579	8
50580	8
50581	8
50582	8
50583	8
50584	8
50585	8
50586	8
50587	8
50588	8
50589	8
50590	8
50591	8
50592	8
50593	8
50594	8
50595	8
50596	8
50597	8
50598	8
50599	8
50600	8
50601	8
50602	8
50603	8
50604	8
50605	8
50606	8
50607	8
50608	8
50609	8
50610	8
50611	8
50612	8
50613	8
50614	8
50615	8
50616	8
50617	8
50618	8
50619	8
50620	8
50621	8
50622	8
50623	8
50624	8
50625	8
50626	8
50627	8
50628	8
50629	8
50630	8
50631	8
50632	8
50633	8
50634	8
50635	8
50636	8
50637	8
50638	8
50639	8
50640	8
50641	8
50642	8
50643	8
50644	8
50645	8
50646	8
50647	8
50648	8
50649	8
50650	8
50651	8
50652	8
50653	8
50654	8
50655	8
50656	8
50657	8
50658	8
50659	8
50660	8
50661	8
50662	8
50663	8
50664	8
50665	8
50666	8
50667	8
50668	8
50669	8
50670	8
50671	8
50672	8
50673	8
50674	8
50675	8
50676	8
50677	8
50678	8
50679	8
50680	8
50681	8
50682	8
50683	8
50684	8
50685	8
50686	8
50687	8
50688	8
50689	8
50690	8
50691	8
50692	8
50693	8
50694	8
50695	8
50696	8
50697	8
50698	8
50699	8
50700	8
50701	8
50702	8
50703	8
50704	8
50705	8
50706	8
50707	8
50708	8
50709	8
50710	8
50711	8
50712	8
50713	8
50714	8
50715	8
50716	8
50717	8
50718	8
50719	8
50720	8
50721	8
50722	8
50723	8
50724	8
50725	8
50726	8
50727	8
50728	8
50729	8
50730	8
50731	8
50732	8
50733	8
50734	8
50735	8
50736	8
50737	8
50738	8
50739	8
50740	8
50741	8
50742	8
50743	8
50744	8
50745	8
50746	8
50747	8
50748	8
50749	8
50750	8
50751	8
50752	8
50753	8
50754	8
50755	8
50756	8
50757	8
50758	8
50759	8
50760	8
50761	8
50762	8
50763	8
50764	8
50765	8
50766	8
50767	8
50768	8
50769	8
50770	8
50771	8
50772	8
50773	8
50774	8
50775	8
50776	8
50777	8
50778	8
50779	8
50780	8
50781	8
50782	8
50783	8
50784	8
50785	8
50786	8
50787	8
50788	8
50789	8
50790	8
50791	8
50792	8
50793	8
50794	8
50795	8
50796	8
50797	8
50798	8
50799	8
50800	8
50801	8
50802	8
50803	8
50804	8
50805	8
50806	8
50807	8
50808	8
50809	8
50810	8
50811	8
50812	8
50813	8
50814	8
50815	8
50816	8
50817	8
50818	8
50819	8
50820	8
50821	8
50822	8
50823	8
50824	8
50825	8
50826	8
50827	8
50828	8
50829	8
50830	8
50831	8
50832	8
50833	8
50834	8
50835	8
50836	8
50837	8
50838	8
50839	8
50840	8
50841	8
50842	8
50843	8
50844	8
50845	8
50846	8
50847	8
50848	8
50849	8
50850	8
50851	8
50852	8
50853	8
50854	8
50855	8
50856	8
50857	8
50858	8
50859	8
50860	8
50861	8
50862	8
50863	8
50864	8
50865	8
50866	8
50867	8
50868	8
50869	8
50870	8
50871	8
50872	8
50873	8
50874	8
50875	8
50876	8
50877	8
50878	8
50879	8
50880	8
50881	8
50882	8
50883	8
50884	8
50885	8
50886	8
50887	8
50888	8
50889	8
50890	8
50891	8
50892	8
50893	8
50894	8
50895	8
50896	8
50897	8
50898	8
50899	8
50900	8
50901	8
50902	8
50903	8
50904	8
50905	8
50906	8
50907	8
50908	8
50909	8
50910	8
50911	8
50912	8
50913	8
50914	8
50915	8
50916	8
50917	8
50918	8
50919	8
50920	8
50921	8
50922	8
50923	8
50924	8
50925	8
50926	8
50927	8
50928	8
50929	8
50930	8
50931	8
50932	8
50933	8
50934	8
50935	8
50936	8
50937	8
50938	8
50939	8
50940	8
50941	8
50942	8
50943	8
50944	8
50945	8
50946	8
50947	8
50948	8
50949	8
50950	8
50951	8
50952	8
50953	8
50954	8
50955	8
50956	8
50957	8
50958	8
50959	8
50960	8
50961	8
50962	8
50963	8
50964	8
50965	8
50966	8
50967	8
50968	8
50969	8
50970	8
50971	8
50972	8
50973	8
50974	8
50975	8
50976	8
50977	8
50978	8
50979	8
50980	8
50981	8
50982	8
50983	8
50984	8
50985	8
50986	8
50987	8
50988	8
50989	8
50990	8
50991	8
50992	8
50993	8
50994	8
50995	8
50996	8
50997	8
50998	8
50999	8
51000	8
51001	8
51002	8
51003	8
51004	8
51005	8
51006	8
51007	8
51008	8
51009	8
51010	8
51011	8
51012	8
51013	8
51014	8
51015	8
51016	8
51017	8
51018	8
51019	8
51020	8
51021	8
51022	8
51023	8
51024	8
51025	8
51026	8
51027	8
51028	8
51029	8
51030	8
51031	8
51032	8
51033	8
51034	8
51035	8
51036	8
51037	8
51038	8
51039	8
51040	8
51041	8
51042	8
51043	8
51044	8
51045	8
51046	8
51047	8
51048	8
51049	8
51050	8
51051	8
51052	8
51053	8
51054	8
51055	8
51056	8
51057	8
51058	8
51059	8
51060	8
51061	8
51062	8
51063	8
51064	8
51065	8
51066	8
51067	8
51068	8
51069	8
51070	8
51071	8
51072	8
51073	8
51074	8
51075	8
51076	8
51077	8
51078	8
51079	8
51080	8
51081	8
51082	8
51083	8
51084	8
51085	8
51086	8
51087	8
51088	8
51089	8
51090	8
51091	8
51092	8
51093	8
51094	8
51095	8
51096	8
51097	8
51098	8
51099	8
51100	8
51101	8
51102	8
51103	8
51104	8
51105	8
51106	8
51107	8
51108	8
51109	8
51110	8
51111	8
51112	8
51113	8
51114	8
51115	8
51116	8
51117	8
51118	8
51119	8
51120	8
51121	8
51122	8
51123	8
51124	8
51125	8
51126	8
51127	8
51128	8
51129	8
51130	8
51131	8
51132	8
51133	8
51134	8
51135	8
51136	8
51137	8
51138	8
51139	8
51140	8
51141	8
51142	8
51143	8
51144	8
51145	8
51146	8
51147	8
51148	8
51149	8
51150	8
51151	8
51152	8
51153	8
51154	8
51155	8
51156	8
51157	8
51158	8
51159	8
51160	8
51161	8
51162	8
51163	8
51164	8
51165	8
51166	8
51167	8
51168	8
51169	8
51170	8
51171	8
51172	8
51173	8
51174	8
51175	8
51176	8
51177	8
51178	8
51179	8
51180	8
51181	8
51182	8
51183	8
51184	8
51185	8
51186	8
51187	8
51188	8
51189	8
51190	8
51191	8
51192	8
51193	8
51194	8
51195	8
51196	8
51197	8
51198	8
51199	8
51200	8
51201	8
51202	8
51203	8
51204	8
51205	8
51206	8
51207	8
51208	8
51209	8
51210	8
51211	8
51212	8
51213	8
51214	8
51215	8
51216	8
51217	8
51218	8
51219	8
51220	8
51221	8
51222	8
51223	8
51224	8
51225	8
51226	8
51227	8
51228	8
51229	8
51230	8
51231	8
51232	8
51233	8
51234	8
51235	8
51236	8
51237	8
51238	8
51239	8
51240	8
51241	8
51242	8
51243	8
51244	8
51245	8
51246	8
51247	8
51248	8
51249	8
51250	8
51251	8
51252	8
51253	8
51254	8
51255	8
51256	8
51257	8
51258	8
51259	8
51260	8
51261	8
51262	8
51263	8
51264	8
51265	8
51266	8
51267	8
51268	8
51269	8
51270	8
51271	8
51272	8
51273	8
51274	8
51275	8
51276	8
51277	8
51278	8
51279	8
51280	8
51281	8
51282	8
51283	8
51284	8
51285	8
51286	8
51287	8
51288	8
51289	8
51290	8
51291	8
51292	8
51293	8
51294	8
51295	8
51296	8
51297	8
51298	8
51299	8
51300	8
51301	8
51302	8
51303	8
51304	8
51305	8
51306	8
51307	8
51308	8
51309	8
51310	8
51311	8
51312	8
51313	8
51314	8
51315	8
51316	8
51317	8
51318	8
51319	8
51320	8
51321	8
51322	8
51323	8
51324	8
51325	8
51326	8
51327	8
51328	8
51329	8
51330	8
51331	8
51332	8
51333	8
51334	8
51335	8
51336	8
51337	8
51338	8
51339	8
51340	8
51341	8
51342	8
51343	8
51344	8
51345	8
51346	8
51347	8
51348	8
51349	8
51350	8
51351	8
51352	8
51353	8
51354	8
51355	8
51356	8
51357	8
51358	8
51359	8
51360	8
51361	8
51362	8
51363	8
51364	8
51365	8
51366	8
51367	8
51368	8
51369	8
51370	8
51371	8
51372	8
51373	8
51374	8
51375	8
51376	8
51377	8
51378	8
51379	8
51380	8
51381	8
51382	8
51383	8
51384	8
51385	8
51386	8
51387	8
51388	8
51389	8
51390	8
51391	8
51392	8
51393	8
51394	8
51395	8
51396	8
51397	8
51398	8
51399	8
51400	8
51401	8
51402	8
51403	8
51404	8
51405	8
51406	8
51407	8
51408	8
51409	8
51410	8
51411	8
51412	8
51413	8
51414	8
51415	8
51416	8
51417	8
51418	8
51419	8
51420	8
51421	8
51422	8
51423	8
51424	8
51425	8
51426	8
51427	8
51428	8
51429	8
51430	8
51431	8
51432	8
51433	8
51434	8
51435	8
51436	8
51437	8
51438	8
51439	8
51440	8
51441	8
51442	8
51443	8
51444	8
51445	8
51446	8
51447	8
51448	8
51449	8
51450	8
51451	8
51452	8
51453	8
51454	8
51455	8
51456	8
51457	8
51458	8
51459	8
51460	8
51461	8
51462	8
51463	8
51464	8
51465	8
51466	8
51467	8
51468	8
51469	8
51470	8
51471	8
51472	8
51473	8
51474	8
51475	8
51476	8
51477	8
51478	8
51479	8
51480	8
51481	8
51482	8
51483	8
51484	8
51485	8
51486	8
51487	8
51488	8
51489	8
51490	8
51491	8
51492	8
51493	8
51494	8
51495	8
51496	8
51497	8
51498	8
51499	8
51500	8
51501	8
51502	8
51503	8
51504	8
51505	8
51506	8
51507	8
51508	8
51509	8
51510	8
51511	8
51512	8
51513	8
51514	8
51515	8
51516	8
51517	8
51518	8
51519	8
51520	8
51521	8
51522	8
51523	8
51524	8
51525	8
51526	8
51527	8
51528	8
51529	8
51530	8
51531	8
51532	8
51533	8
51534	8
51535	8
51536	8
51537	8
51538	8
51539	8
51540	8
51541	8
51542	8
51543	8
51544	8
51545	8
51546	8
51547	8
51548	8
51549	8
51550	8
51551	8
51552	8
51553	8
51554	8
51555	8
51556	8
51557	8
51558	8
51559	8
51560	8
51561	8
51562	8
51563	8
51564	8
51565	8
51566	8
51567	8
51568	8
51569	8
51570	8
51571	8
51572	8
51573	8
51574	8
51575	8
51576	8
51577	8
51578	8
51579	8
51580	8
51581	8
51582	8
51583	8
51584	8
51585	8
51586	8
51587	8
51588	8
51589	8
51590	8
51591	8
51592	8
51593	8
51594	8
51595	8
51596	8
51597	8
51598	8
51599	8
51600	8
51601	8
51602	8
51603	8
51604	8
51605	8
51606	8
51607	8
51608	8
51609	8
51610	8
51611	8
51612	8
51613	8
51614	8
51615	8
51616	8
51617	8
51618	8
51619	8
51620	8
51621	8
51622	8
51623	8
51624	8
51625	8
51626	8
51627	8
51628	8
51629	8
51630	8
51631	8
51632	8
51633	8
51634	8
51635	8
51636	8
51637	8
51638	8
51639	8
51640	8
51641	8
51642	8
51643	8
51644	8
51645	8
51646	8
51647	8
51648	8
51649	8
51650	8
51651	8
51652	8
51653	8
51654	8
51655	8
51656	8
51657	8
51658	8
51659	8
51660	8
51661	8
51662	8
51663	8
51664	8
51665	8
51666	8
51667	8
51668	8
51669	8
51670	8
51671	8
51672	8
51673	8
51674	8
51675	8
51676	8
51677	8
51678	8
51679	8
51680	8
51681	8
51682	8
51683	8
51684	8
51685	8
51686	8
51687	8
51688	8
51689	8
51690	8
51691	8
51692	8
51693	8
51694	8
51695	8
51696	8
51697	8
51698	8
51699	8
51700	8
51701	8
51702	8
51703	8
51704	8
51705	8
51706	8
51707	8
51708	8
51709	8
51710	8
51711	8
51712	8
51713	8
51714	8
51715	8
51716	8
51717	8
51718	8
51719	8
51720	8
51721	8
51722	8
51723	8
51724	8
51725	8
51726	8
51727	8
51728	8
51729	8
51730	8
51731	8
51732	8
51733	8
51734	8
51735	8
51736	8
51737	8
51738	8
51739	8
51740	8
51741	8
51742	8
51743	8
51744	8
51745	8
51746	8
51747	8
51748	8
51749	8
51750	8
51751	8
51752	8
51753	8
51754	8
51755	8
51756	8
51757	8
51758	8
51759	8
51760	8
51761	8
51762	8
51763	8
51764	8
51765	8
51766	8
51767	8
51768	8
51769	8
51770	8
51771	8
51772	8
51773	8
51774	8
51775	8
51776	8
51777	8
51778	8
51779	8
51780	8
51781	8
51782	8
51783	8
51784	8
51785	8
51786	8
51787	8
51788	8
51789	8
51790	8
51791	8
51792	8
51793	8
51794	8
51795	8
51796	8
51797	8
51798	8
51799	8
51800	8
51801	8
51802	8
51803	8
51804	8
51805	8
51806	8
51807	8
51808	8
51809	8
51810	8
51811	8
51812	8
51813	8
51814	8
51815	8
51816	8
51817	8
51818	8
51819	8
51820	8
51821	8
51822	8
51823	8
51824	8
51825	8
51826	8
51827	8
51828	8
51829	8
51830	8
51831	8
51832	8
51833	8
51834	8
51835	8
51836	8
51837	8
51838	8
51839	8
51840	8
51841	8
51842	8
51843	8
51844	8
51845	8
51846	8
51847	8
51848	8
51849	8
51850	8
51851	8
51852	8
51853	8
51854	8
51855	8
51856	8
51857	8
51858	8
51859	8
51860	8
51861	8
51862	8
51863	8
51864	8
51865	8
51866	8
51867	8
51868	8
51869	8
51870	8
51871	8
51872	8
51873	8
51874	8
51875	8
51876	8
51877	8
51878	8
51879	8
51880	8
51881	8
51882	8
51883	8
51884	8
51885	8
51886	8
51887	8
51888	8
51889	8
51890	8
51891	8
51892	8
51893	8
51894	8
51895	8
51896	8
51897	8
51898	8
51899	8
51900	8
51901	8
51902	8
51903	8
51904	8
51905	8
51906	8
51907	8
51908	8
51909	8
51910	8
51911	8
51912	8
51913	8
51914	8
51915	8
51916	8
51917	8
51918	8
51919	8
51920	8
51921	8
51922	8
51923	8
51924	8
51925	8
51926	8
51927	8
51928	8
51929	8
51930	8
51931	8
51932	8
51933	8
51934	8
51935	8
51936	8
51937	8
51938	8
51939	8
51940	8
51941	8
51942	8
51943	8
51944	8
51945	8
51946	8
51947	8
51948	8
51949	8
51950	8
51951	8
51952	8
51953	8
51954	8
51955	8
51956	8
51957	8
51958	8
51959	8
51960	8
51961	8
51962	8
51963	8
51964	8
51965	8
51966	8
51967	8
51968	8
51969	8
51970	8
51971	8
51972	8
51973	8
51974	8
51975	8
51976	8
51977	8
51978	8
51979	8
51980	8
51981	8
51982	8
51983	8
51984	8
51985	8
51986	8
51987	8
51988	8
51989	8
51990	8
51991	8
51992	8
51993	8
51994	8
51995	8
51996	8
51997	8
51998	8
51999	8
52000	8
52001	8
52002	8
52003	8
52004	8
52005	8
52006	8
52007	8
52008	8
52009	8
52010	8
52011	8
52012	8
52013	8
52014	8
52015	8
52016	8
52017	8
52018	8
52019	8
52020	8
52021	8
52022	8
52023	8
52024	8
52025	8
52026	8
52027	8
52028	8
52029	8
52030	8
52031	8
52032	8
52033	8
52034	8
52035	8
52036	8
52037	8
52038	8
52039	8
52040	8
52041	8
52042	8
52043	8
52044	8
52045	8
52046	8
52047	8
52048	8
52049	8
52050	8
52051	8
52052	8
52053	8
52054	8
52055	8
52056	8
52057	8
52058	8
52059	8
52060	8
52061	8
52062	8
52063	8
52064	8
52065	8
52066	8
52067	8
52068	8
52069	8
52070	8
52071	8
52072	8
52073	8
52074	8
52075	8
52076	8
52077	8
52078	8
52079	8
52080	8
52081	8
52082	8
52083	8
52084	8
52085	8
52086	8
52087	8
52088	8
52089	8
52090	8
52091	8
52092	8
52093	8
52094	8
52095	8
52096	8
52097	8
52098	8
52099	8
52100	8
52101	8
52102	8
52103	8
52104	8
52105	8
52106	8
52107	8
52108	8
52109	8
52110	8
52111	8
52112	8
52113	8
52114	8
52115	8
52116	8
52117	8
52118	8
52119	8
52120	8
52121	8
52122	8
52123	8
52124	8
52125	8
52126	8
52127	8
52128	8
52129	8
52130	8
52131	8
52132	8
52133	8
52134	8
52135	8
52136	8
52137	8
52138	8
52139	8
52140	8
52141	8
52142	8
52143	8
52144	8
52145	8
52146	8
52147	8
52148	8
52149	8
52150	8
52151	8
52152	8
52153	8
52154	8
52155	8
52156	8
52157	8
52158	8
52159	8
52160	8
52161	8
52162	8
52163	8
52164	8
52165	8
52166	8
52167	8
52168	8
52169	8
52170	8
52171	8
52172	8
52173	8
52174	8
52175	8
52176	8
52177	8
52178	8
52179	8
52180	8
52181	8
52182	8
52183	8
52184	8
52185	8
52186	8
52187	8
52188	8
52189	8
52190	8
52191	8
52192	8
52193	8
52194	8
52195	8
52196	8
52197	8
52198	8
52199	8
52200	8
52201	8
52202	8
52203	8
52204	8
52205	8
52206	8
52207	8
52208	8
52209	8
52210	8
52211	8
52212	8
52213	8
52214	8
52215	8
52216	8
52217	8
52218	8
52219	8
52220	8
52221	8
52222	8
52223	8
52224	8
52225	8
52226	8
52227	8
52228	8
52229	8
52230	8
52231	8
52232	8
52233	8
52234	8
52235	8
52236	8
52237	8
52238	8
52239	8
52240	8
52241	8
52242	8
52243	8
52244	8
52245	8
52246	8
52247	8
52248	8
52249	8
52250	8
52251	8
52252	8
52253	8
52254	8
52255	8
52256	8
52257	8
52258	8
52259	8
52260	8
52261	8
52262	8
52263	8
52264	8
52265	8
52266	8
52267	8
52268	8
52269	8
52270	8
52271	8
52272	8
52273	8
52274	8
52275	8
52276	8
52277	8
52278	8
52279	8
52280	8
52281	8
52282	8
52283	8
52284	8
52285	8
52286	8
52287	8
52288	8
52289	8
52290	8
52291	8
52292	8
52293	8
52294	8
52295	8
52296	8
52297	8
52298	8
52299	8
52300	8
52301	8
52302	8
52303	8
52304	8
52305	8
52306	8
52307	8
52308	8
52309	8
52310	8
52311	8
52312	8
52313	8
52314	8
52315	8
52316	8
52317	8
52318	8
52319	8
52320	8
52321	8
52322	8
52323	8
52324	8
52325	8
52326	8
52327	8
52328	8
52329	8
52330	8
52331	8
52332	8
52333	8
52334	8
52335	8
52336	8
52337	8
52338	8
52339	8
52340	8
52341	8
52342	8
52343	8
52344	8
52345	8
52346	8
52347	8
52348	8
52349	8
52350	8
52351	8
52352	8
52353	8
52354	8
52355	8
52356	8
52357	8
52358	8
52359	8
52360	8
52361	8
52362	8
52363	8
52364	8
52365	8
52366	8
52367	8
52368	8
52369	8
52370	8
52371	8
52372	8
52373	8
52374	8
52375	8
52376	8
52377	8
52378	8
52379	8
52380	8
52381	8
52382	8
52383	8
52384	8
52385	8
52386	8
52387	8
52388	8
52389	8
52390	8
52391	8
52392	8
52393	8
52394	8
52395	8
52396	8
52397	8
52398	8
52399	8
52400	8
52401	8
52402	8
52403	8
52404	8
52405	8
52406	8
52407	8
52408	8
52409	8
52410	8
52411	8
52412	8
52413	8
52414	8
52415	8
52416	8
52417	8
52418	8
52419	8
52420	8
52421	8
52422	8
52423	8
52424	8
52425	8
52426	8
52427	8
52428	8
52429	8
52430	8
52431	8
52432	8
52433	8
52434	8
52435	8
52436	8
52437	8
52438	8
52439	8
52440	8
52441	8
52442	8
52443	8
52444	8
52445	8
52446	8
52447	8
52448	8
52449	8
52450	8
52451	8
52452	8
52453	8
52454	8
52455	8
52456	8
52457	8
52458	8
52459	8
52460	8
52461	8
52462	8
52463	8
52464	8
52465	8
52466	8
52467	8
52468	8
52469	8
52470	8
52471	8
52472	8
52473	8
52474	8
52475	8
52476	8
52477	8
52478	8
52479	8
52480	8
52481	8
52482	8
52483	8
52484	8
52485	8
52486	8
52487	8
52488	8
52489	8
52490	8
52491	8
52492	8
52493	8
52494	8
52495	8
52496	8
52497	8
52498	8
52499	8
52500	8
