47500	20
47501	20
47502	20
47503	20
47504	20
47505	20
47506	20
47507	20
47508	20
47509	20
47510	20
47511	20
47512	20
47513	20
47514	20
47515	20
47516	20
47517	20
47518	20
47519	20
47520	20
47521	20
47522	20
47523	20
47524	20
47525	20
47526	20
47527	20
47528	20
47529	20
47530	20
47531	20
47532	20
47533	20
47534	20
47535	20
47536	20
47537	20
47538	20
47539	20
47540	20
47541	20
47542	20
47543	20
47544	20
47545	20
47546	20
47547	20
47548	20
47549	20
47550	20
47551	20
47552	20
47553	20
47554	20
47555	20
47556	20
47557	20
47558	20
47559	20
47560	20
47561	20
47562	20
47563	20
47564	20
47565	20
47566	20
47567	20
47568	20
47569	20
47570	20
47571	20
47572	20
47573	20
47574	20
47575	20
47576	20
47577	20
47578	20
47579	20
47580	20
47581	20
47582	20
47583	20
47584	20
47585	20
47586	20
47587	20
47588	20
47589	20
47590	20
47591	20
47592	20
47593	20
47594	20
47595	20
47596	20
47597	20
47598	20
47599	20
47600	20
47601	20
47602	20
47603	20
47604	20
47605	20
47606	20
47607	20
47608	20
47609	20
47610	20
47611	20
47612	20
47613	20
47614	20
47615	20
47616	20
47617	20
47618	20
47619	20
47620	20
47621	20
47622	20
47623	20
47624	20
47625	20
47626	20
47627	20
47628	20
47629	20
47630	20
47631	20
47632	20
47633	20
47634	20
47635	20
47636	20
47637	20
47638	20
47639	20
47640	20
47641	20
47642	20
47643	20
47644	20
47645	20
47646	20
47647	20
47648	20
47649	20
47650	20
47651	20
47652	20
47653	20
47654	20
47655	20
47656	20
47657	20
47658	20
47659	20
47660	20
47661	20
47662	20
47663	20
47664	20
47665	20
47666	20
47667	20
47668	20
47669	20
47670	20
47671	20
47672	20
47673	20
47674	20
47675	20
47676	20
47677	20
47678	20
47679	20
47680	20
47681	20
47682	20
47683	20
47684	20
47685	20
47686	20
47687	20
47688	20
47689	20
47690	20
47691	20
47692	20
47693	20
47694	20
47695	20
47696	20
47697	20
47698	20
47699	20
47700	20
47701	20
47702	20
47703	20
47704	20
47705	20
47706	20
47707	20
47708	20
47709	20
47710	20
47711	20
47712	20
47713	20
47714	20
47715	20
47716	20
47717	20
47718	20
47719	20
47720	20
47721	20
47722	20
47723	20
47724	20
47725	20
47726	20
47727	20
47728	20
47729	20
47730	20
47731	20
47732	20
47733	20
47734	20
47735	20
47736	20
47737	20
47738	20
47739	20
47740	20
47741	20
47742	20
47743	20
47744	20
47745	20
47746	20
47747	20
47748	20
47749	20
47750	20
47751	20
47752	20
47753	20
47754	20
47755	20
47756	20
47757	20
47758	20
47759	20
47760	20
47761	20
47762	20
47763	20
47764	20
47765	20
47766	20
47767	20
47768	20
47769	20
47770	20
47771	20
47772	20
47773	20
47774	20
47775	20
47776	20
47777	20
47778	20
47779	20
47780	20
47781	20
47782	20
47783	20
47784	20
47785	20
47786	20
47787	20
47788	20
47789	20
47790	20
47791	20
47792	20
47793	20
47794	20
47795	20
47796	20
47797	20
47798	20
47799	20
47800	20
47801	20
47802	20
47803	20
47804	20
47805	20
47806	20
47807	20
47808	20
47809	20
47810	20
47811	20
47812	20
47813	20
47814	20
47815	20
47816	20
47817	20
47818	20
47819	20
47820	20
47821	20
47822	20
47823	20
47824	20
47825	20
47826	20
47827	20
47828	20
47829	20
47830	20
47831	20
47832	20
47833	20
47834	20
47835	20
47836	20
47837	20
47838	20
47839	20
47840	20
47841	20
47842	20
47843	20
47844	20
47845	20
47846	20
47847	20
47848	20
47849	20
47850	20
47851	20
47852	20
47853	20
47854	20
47855	20
47856	20
47857	20
47858	20
47859	20
47860	20
47861	20
47862	20
47863	20
47864	20
47865	20
47866	20
47867	20
47868	20
47869	20
47870	20
47871	20
47872	20
47873	20
47874	20
47875	20
47876	20
47877	20
47878	20
47879	20
47880	20
47881	20
47882	20
47883	20
47884	20
47885	20
47886	20
47887	20
47888	20
47889	20
47890	20
47891	20
47892	20
47893	20
47894	20
47895	20
47896	20
47897	20
47898	20
47899	20
47900	20
47901	20
47902	20
47903	20
47904	20
47905	20
47906	20
47907	20
47908	20
47909	20
47910	20
47911	20
47912	20
47913	20
47914	20
47915	20
47916	20
47917	20
47918	20
47919	20
47920	20
47921	20
47922	20
47923	20
47924	20
47925	20
47926	20
47927	20
47928	20
47929	20
47930	20
47931	20
47932	20
47933	20
47934	20
47935	20
47936	20
47937	20
47938	20
47939	20
47940	20
47941	20
47942	20
47943	20
47944	20
47945	20
47946	20
47947	20
47948	20
47949	20
47950	20
47951	20
47952	20
47953	20
47954	20
47955	20
47956	20
47957	20
47958	20
47959	20
47960	20
47961	20
47962	20
47963	20
47964	20
47965	20
47966	20
47967	20
47968	20
47969	20
47970	20
47971	20
47972	20
47973	20
47974	20
47975	20
47976	20
47977	20
47978	20
47979	20
47980	20
47981	20
47982	20
47983	20
47984	20
47985	20
47986	20
47987	20
47988	20
47989	20
47990	20
47991	20
47992	20
47993	20
47994	20
47995	20
47996	20
47997	20
47998	20
47999	20
48000	20
48001	20
48002	20
48003	20
48004	20
48005	20
48006	20
48007	20
48008	20
48009	20
48010	20
48011	20
48012	20
48013	20
48014	20
48015	20
48016	20
48017	20
48018	20
48019	20
48020	20
48021	20
48022	20
48023	20
48024	20
48025	20
48026	20
48027	20
48028	20
48029	20
48030	20
48031	20
48032	20
48033	20
48034	20
48035	20
48036	20
48037	20
48038	20
48039	20
48040	20
48041	20
48042	20
48043	20
48044	20
48045	20
48046	20
48047	20
48048	20
48049	20
48050	20
48051	20
48052	20
48053	20
48054	20
48055	20
48056	20
48057	20
48058	20
48059	20
48060	20
48061	20
48062	20
48063	20
48064	20
48065	20
48066	20
48067	20
48068	20
48069	20
48070	20
48071	20
48072	20
48073	20
48074	20
48075	20
48076	20
48077	20
48078	20
48079	20
48080	20
48081	20
48082	20
48083	20
48084	20
48085	20
48086	20
48087	20
48088	20
48089	20
48090	20
48091	20
48092	20
48093	20
48094	20
48095	20
48096	20
48097	20
48098	20
48099	20
48100	20
48101	20
48102	20
48103	20
48104	20
48105	20
48106	20
48107	20
48108	20
48109	20
48110	20
48111	20
48112	20
48113	20
48114	20
48115	20
48116	20
48117	20
48118	20
48119	20
48120	20
48121	20
48122	20
48123	20
48124	20
48125	20
48126	20
48127	20
48128	20
48129	20
48130	20
48131	20
48132	20
48133	20
48134	20
48135	20
48136	20
48137	20
48138	20
48139	20
48140	20
48141	20
48142	20
48143	20
48144	20
48145	20
48146	20
48147	20
48148	20
48149	20
48150	20
48151	20
48152	20
48153	20
48154	20
48155	20
48156	20
48157	20
48158	20
48159	20
48160	20
48161	20
48162	20
48163	20
48164	20
48165	20
48166	20
48167	20
48168	20
48169	20
48170	20
48171	20
48172	20
48173	20
48174	20
48175	20
48176	20
48177	20
48178	20
48179	20
48180	20
48181	20
48182	20
48183	20
48184	20
48185	20
48186	20
48187	20
48188	20
48189	20
48190	20
48191	20
48192	20
48193	20
48194	20
48195	20
48196	20
48197	20
48198	20
48199	20
48200	20
48201	20
48202	20
48203	20
48204	20
48205	20
48206	20
48207	20
48208	20
48209	20
48210	20
48211	20
48212	20
48213	20
48214	20
48215	20
48216	20
48217	20
48218	20
48219	20
48220	20
48221	20
48222	20
48223	20
48224	20
48225	20
48226	20
48227	20
48228	20
48229	20
48230	20
48231	20
48232	20
48233	20
48234	20
48235	20
48236	20
48237	20
48238	20
48239	20
48240	20
48241	20
48242	20
48243	20
48244	20
48245	20
48246	20
48247	20
48248	20
48249	20
48250	20
48251	20
48252	20
48253	20
48254	20
48255	20
48256	20
48257	20
48258	20
48259	20
48260	20
48261	20
48262	20
48263	20
48264	20
48265	20
48266	20
48267	20
48268	20
48269	20
48270	20
48271	20
48272	20
48273	20
48274	20
48275	20
48276	20
48277	20
48278	20
48279	20
48280	20
48281	20
48282	20
48283	20
48284	20
48285	20
48286	20
48287	20
48288	20
48289	20
48290	20
48291	20
48292	20
48293	20
48294	20
48295	20
48296	20
48297	20
48298	20
48299	20
48300	20
48301	20
48302	20
48303	20
48304	20
48305	20
48306	20
48307	20
48308	20
48309	20
48310	20
48311	20
48312	20
48313	20
48314	20
48315	20
48316	20
48317	20
48318	20
48319	20
48320	20
48321	20
48322	20
48323	20
48324	20
48325	20
48326	20
48327	20
48328	20
48329	20
48330	20
48331	20
48332	20
48333	20
48334	20
48335	20
48336	20
48337	20
48338	20
48339	20
48340	20
48341	20
48342	20
48343	20
48344	20
48345	20
48346	20
48347	20
48348	20
48349	20
48350	20
48351	20
48352	20
48353	20
48354	20
48355	20
48356	20
48357	20
48358	20
48359	20
48360	20
48361	20
48362	20
48363	20
48364	20
48365	20
48366	20
48367	20
48368	20
48369	20
48370	20
48371	20
48372	20
48373	20
48374	20
48375	20
48376	20
48377	20
48378	20
48379	20
48380	20
48381	20
48382	20
48383	20
48384	20
48385	20
48386	20
48387	20
48388	20
48389	20
48390	20
48391	20
48392	20
48393	20
48394	20
48395	20
48396	20
48397	20
48398	20
48399	20
48400	20
48401	20
48402	20
48403	20
48404	20
48405	20
48406	20
48407	20
48408	20
48409	20
48410	20
48411	20
48412	20
48413	20
48414	20
48415	20
48416	20
48417	20
48418	20
48419	20
48420	20
48421	20
48422	20
48423	20
48424	20
48425	20
48426	20
48427	20
48428	20
48429	20
48430	20
48431	20
48432	20
48433	20
48434	20
48435	20
48436	20
48437	20
48438	20
48439	20
48440	20
48441	20
48442	20
48443	20
48444	20
48445	20
48446	20
48447	20
48448	20
48449	20
48450	20
48451	20
48452	20
48453	20
48454	20
48455	20
48456	20
48457	20
48458	20
48459	20
48460	20
48461	20
48462	20
48463	20
48464	20
48465	20
48466	20
48467	20
48468	20
48469	20
48470	20
48471	20
48472	20
48473	20
48474	20
48475	20
48476	20
48477	20
48478	20
48479	20
48480	20
48481	20
48482	20
48483	20
48484	20
48485	20
48486	20
48487	20
48488	20
48489	20
48490	20
48491	20
48492	20
48493	20
48494	20
48495	20
48496	20
48497	20
48498	20
48499	20
48500	20
48501	20
48502	20
48503	20
48504	20
48505	20
48506	20
48507	20
48508	20
48509	20
48510	20
48511	20
48512	20
48513	20
48514	20
48515	20
48516	20
48517	20
48518	20
48519	20
48520	20
48521	20
48522	20
48523	20
48524	20
48525	20
48526	20
48527	20
48528	20
48529	20
48530	20
48531	20
48532	20
48533	20
48534	20
48535	20
48536	20
48537	20
48538	20
48539	20
48540	20
48541	20
48542	20
48543	20
48544	20
48545	20
48546	20
48547	20
48548	20
48549	20
48550	20
48551	20
48552	20
48553	20
48554	20
48555	20
48556	20
48557	20
48558	20
48559	20
48560	20
48561	20
48562	20
48563	20
48564	20
48565	20
48566	20
48567	20
48568	20
48569	20
48570	20
48571	20
48572	20
48573	20
48574	20
48575	20
48576	20
48577	20
48578	20
48579	20
48580	20
48581	20
48582	20
48583	20
48584	20
48585	20
48586	20
48587	20
48588	20
48589	20
48590	20
48591	20
48592	20
48593	20
48594	20
48595	20
48596	20
48597	20
48598	20
48599	20
48600	20
48601	20
48602	20
48603	20
48604	20
48605	20
48606	20
48607	20
48608	20
48609	20
48610	20
48611	20
48612	20
48613	20
48614	20
48615	20
48616	20
48617	20
48618	20
48619	20
48620	20
48621	20
48622	20
48623	20
48624	20
48625	20
48626	20
48627	20
48628	20
48629	20
48630	20
48631	20
48632	20
48633	20
48634	20
48635	20
48636	20
48637	20
48638	20
48639	20
48640	20
48641	20
48642	20
48643	20
48644	20
48645	20
48646	20
48647	20
48648	20
48649	20
48650	20
48651	20
48652	20
48653	20
48654	20
48655	20
48656	20
48657	20
48658	20
48659	20
48660	20
48661	20
48662	20
48663	20
48664	20
48665	20
48666	20
48667	20
48668	20
48669	20
48670	20
48671	20
48672	20
48673	20
48674	20
48675	20
48676	20
48677	20
48678	20
48679	20
48680	20
48681	20
48682	20
48683	20
48684	20
48685	20
48686	20
48687	20
48688	20
48689	20
48690	20
48691	20
48692	20
48693	20
48694	20
48695	20
48696	20
48697	20
48698	20
48699	20
48700	20
48701	20
48702	20
48703	20
48704	20
48705	20
48706	20
48707	20
48708	20
48709	20
48710	20
48711	20
48712	20
48713	20
48714	20
48715	20
48716	20
48717	20
48718	20
48719	20
48720	20
48721	20
48722	20
48723	20
48724	20
48725	20
48726	20
48727	20
48728	20
48729	20
48730	20
48731	20
48732	20
48733	20
48734	20
48735	20
48736	20
48737	20
48738	20
48739	20
48740	20
48741	20
48742	20
48743	20
48744	20
48745	20
48746	20
48747	20
48748	20
48749	20
48750	20
48751	20
48752	20
48753	20
48754	20
48755	20
48756	20
48757	20
48758	20
48759	20
48760	20
48761	20
48762	20
48763	20
48764	20
48765	20
48766	20
48767	20
48768	20
48769	20
48770	20
48771	20
48772	20
48773	20
48774	20
48775	20
48776	20
48777	20
48778	20
48779	20
48780	20
48781	20
48782	20
48783	20
48784	20
48785	20
48786	20
48787	20
48788	20
48789	20
48790	20
48791	20
48792	20
48793	20
48794	20
48795	20
48796	20
48797	20
48798	20
48799	20
48800	20
48801	20
48802	20
48803	20
48804	20
48805	20
48806	20
48807	20
48808	20
48809	20
48810	20
48811	20
48812	20
48813	20
48814	20
48815	20
48816	20
48817	20
48818	20
48819	20
48820	20
48821	20
48822	20
48823	20
48824	20
48825	20
48826	20
48827	20
48828	20
48829	20
48830	20
48831	20
48832	20
48833	20
48834	20
48835	20
48836	20
48837	20
48838	20
48839	20
48840	20
48841	20
48842	20
48843	20
48844	20
48845	20
48846	20
48847	20
48848	20
48849	20
48850	20
48851	20
48852	20
48853	20
48854	20
48855	20
48856	20
48857	20
48858	20
48859	20
48860	20
48861	20
48862	20
48863	20
48864	20
48865	20
48866	20
48867	20
48868	20
48869	20
48870	20
48871	20
48872	20
48873	20
48874	20
48875	20
48876	20
48877	20
48878	20
48879	20
48880	20
48881	20
48882	20
48883	20
48884	20
48885	20
48886	20
48887	20
48888	20
48889	20
48890	20
48891	20
48892	20
48893	20
48894	20
48895	20
48896	20
48897	20
48898	20
48899	20
48900	20
48901	20
48902	20
48903	20
48904	20
48905	20
48906	20
48907	20
48908	20
48909	20
48910	20
48911	20
48912	20
48913	20
48914	20
48915	20
48916	20
48917	20
48918	20
48919	20
48920	20
48921	20
48922	20
48923	20
48924	20
48925	20
48926	20
48927	20
48928	20
48929	20
48930	20
48931	20
48932	20
48933	20
48934	20
48935	20
48936	20
48937	20
48938	20
48939	20
48940	20
48941	20
48942	20
48943	20
48944	20
48945	20
48946	20
48947	20
48948	20
48949	20
48950	20
48951	20
48952	20
48953	20
48954	20
48955	20
48956	20
48957	20
48958	20
48959	20
48960	20
48961	20
48962	20
48963	20
48964	20
48965	20
48966	20
48967	20
48968	20
48969	20
48970	20
48971	20
48972	20
48973	20
48974	20
48975	20
48976	20
48977	20
48978	20
48979	20
48980	20
48981	20
48982	20
48983	20
48984	20
48985	20
48986	20
48987	20
48988	20
48989	20
48990	20
48991	20
48992	20
48993	20
48994	20
48995	20
48996	20
48997	20
48998	20
48999	20
49000	20
49001	20
49002	20
49003	20
49004	20
49005	20
49006	20
49007	20
49008	20
49009	20
49010	20
49011	20
49012	20
49013	20
49014	20
49015	20
49016	20
49017	20
49018	20
49019	20
49020	20
49021	20
49022	20
49023	20
49024	20
49025	20
49026	20
49027	20
49028	20
49029	20
49030	20
49031	20
49032	20
49033	20
49034	20
49035	20
49036	20
49037	20
49038	20
49039	20
49040	20
49041	20
49042	20
49043	20
49044	20
49045	20
49046	20
49047	20
49048	20
49049	20
49050	20
49051	20
49052	20
49053	20
49054	20
49055	20
49056	20
49057	20
49058	20
49059	20
49060	20
49061	20
49062	20
49063	20
49064	20
49065	20
49066	20
49067	20
49068	20
49069	20
49070	20
49071	20
49072	20
49073	20
49074	20
49075	20
49076	20
49077	20
49078	20
49079	20
49080	20
49081	20
49082	20
49083	20
49084	20
49085	20
49086	20
49087	20
49088	20
49089	20
49090	20
49091	20
49092	20
49093	20
49094	20
49095	20
49096	20
49097	20
49098	20
49099	20
49100	20
49101	20
49102	20
49103	20
49104	20
49105	20
49106	20
49107	20
49108	20
49109	20
49110	20
49111	20
49112	20
49113	20
49114	20
49115	20
49116	20
49117	20
49118	20
49119	20
49120	20
49121	20
49122	20
49123	20
49124	20
49125	20
49126	20
49127	20
49128	20
49129	20
49130	20
49131	20
49132	20
49133	20
49134	20
49135	20
49136	20
49137	20
49138	20
49139	20
49140	20
49141	20
49142	20
49143	20
49144	20
49145	20
49146	20
49147	20
49148	20
49149	20
49150	20
49151	20
49152	20
49153	20
49154	20
49155	20
49156	20
49157	20
49158	20
49159	20
49160	20
49161	20
49162	20
49163	20
49164	20
49165	20
49166	20
49167	20
49168	20
49169	20
49170	20
49171	20
49172	20
49173	20
49174	20
49175	20
49176	20
49177	20
49178	20
49179	20
49180	20
49181	20
49182	20
49183	20
49184	20
49185	20
49186	20
49187	20
49188	20
49189	20
49190	20
49191	20
49192	20
49193	20
49194	20
49195	20
49196	20
49197	20
49198	20
49199	20
49200	20
49201	20
49202	20
49203	20
49204	20
49205	20
49206	20
49207	20
49208	20
49209	20
49210	20
49211	20
49212	20
49213	20
49214	20
49215	20
49216	20
49217	20
49218	20
49219	20
49220	20
49221	20
49222	20
49223	20
49224	20
49225	20
49226	20
49227	20
49228	20
49229	20
49230	20
49231	20
49232	20
49233	20
49234	20
49235	20
49236	20
49237	20
49238	20
49239	20
49240	20
49241	20
49242	20
49243	20
49244	20
49245	20
49246	20
49247	20
49248	20
49249	20
49250	20
49251	20
49252	20
49253	20
49254	20
49255	20
49256	20
49257	20
49258	20
49259	20
49260	20
49261	20
49262	20
49263	20
49264	20
49265	20
49266	20
49267	20
49268	20
49269	20
49270	20
49271	20
49272	20
49273	20
49274	20
49275	20
49276	20
49277	20
49278	20
49279	20
49280	20
49281	20
49282	20
49283	20
49284	20
49285	20
49286	20
49287	20
49288	20
49289	20
49290	20
49291	20
49292	20
49293	20
49294	20
49295	20
49296	20
49297	20
49298	20
49299	20
49300	20
49301	20
49302	20
49303	20
49304	20
49305	20
49306	20
49307	20
49308	20
49309	20
49310	20
49311	20
49312	20
49313	20
49314	20
49315	20
49316	20
49317	20
49318	20
49319	20
49320	20
49321	20
49322	20
49323	20
49324	20
49325	20
49326	20
49327	20
49328	20
49329	20
49330	20
49331	20
49332	20
49333	20
49334	20
49335	20
49336	20
49337	20
49338	20
49339	20
49340	20
49341	20
49342	20
49343	20
49344	20
49345	20
49346	20
49347	20
49348	20
49349	20
49350	20
49351	20
49352	20
49353	20
49354	20
49355	20
49356	20
49357	20
49358	20
49359	20
49360	20
49361	20
49362	20
49363	20
49364	20
49365	20
49366	20
49367	20
49368	20
49369	20
49370	20
49371	20
49372	20
49373	20
49374	20
49375	20
49376	20
49377	20
49378	20
49379	20
49380	20
49381	20
49382	20
49383	20
49384	20
49385	20
49386	20
49387	20
49388	20
49389	20
49390	20
49391	20
49392	20
49393	20
49394	20
49395	20
49396	20
49397	20
49398	20
49399	20
49400	20
49401	20
49402	20
49403	20
49404	20
49405	20
49406	20
49407	20
49408	20
49409	20
49410	20
49411	20
49412	20
49413	20
49414	20
49415	20
49416	20
49417	20
49418	20
49419	20
49420	20
49421	20
49422	20
49423	20
49424	20
49425	20
49426	20
49427	20
49428	20
49429	20
49430	20
49431	20
49432	20
49433	20
49434	20
49435	20
49436	20
49437	20
49438	20
49439	20
49440	20
49441	20
49442	20
49443	20
49444	20
49445	20
49446	20
49447	20
49448	20
49449	20
49450	20
49451	20
49452	20
49453	20
49454	20
49455	20
49456	20
49457	20
49458	20
49459	20
49460	20
49461	20
49462	20
49463	20
49464	20
49465	20
49466	20
49467	20
49468	20
49469	20
49470	20
49471	20
49472	20
49473	20
49474	20
49475	20
49476	20
49477	20
49478	20
49479	20
49480	20
49481	20
49482	20
49483	20
49484	20
49485	20
49486	20
49487	20
49488	20
49489	20
49490	20
49491	20
49492	20
49493	20
49494	20
49495	20
49496	20
49497	20
49498	20
49499	20
49500	20
49501	20
49502	20
49503	20
49504	20
49505	20
49506	20
49507	20
49508	20
49509	20
49510	20
49511	20
49512	20
49513	20
49514	20
49515	20
49516	20
49517	20
49518	20
49519	20
49520	20
49521	20
49522	20
49523	20
49524	20
49525	20
49526	20
49527	20
49528	20
49529	20
49530	20
49531	20
49532	20
49533	20
49534	20
49535	20
49536	20
49537	20
49538	20
49539	20
49540	20
49541	20
49542	20
49543	20
49544	20
49545	20
49546	20
49547	20
49548	20
49549	20
49550	20
49551	20
49552	20
49553	20
49554	20
49555	20
49556	20
49557	20
49558	20
49559	20
49560	20
49561	20
49562	20
49563	20
49564	20
49565	20
49566	20
49567	20
49568	20
49569	20
49570	20
49571	20
49572	20
49573	20
49574	20
49575	20
49576	20
49577	20
49578	20
49579	20
49580	20
49581	20
49582	20
49583	20
49584	20
49585	20
49586	20
49587	20
49588	20
49589	20
49590	20
49591	20
49592	20
49593	20
49594	20
49595	20
49596	20
49597	20
49598	20
49599	20
49600	20
49601	20
49602	20
49603	20
49604	20
49605	20
49606	20
49607	20
49608	20
49609	20
49610	20
49611	20
49612	20
49613	20
49614	20
49615	20
49616	20
49617	20
49618	20
49619	20
49620	20
49621	20
49622	20
49623	20
49624	20
49625	20
49626	20
49627	20
49628	20
49629	20
49630	20
49631	20
49632	20
49633	20
49634	20
49635	20
49636	20
49637	20
49638	20
49639	20
49640	20
49641	20
49642	20
49643	20
49644	20
49645	20
49646	20
49647	20
49648	20
49649	20
49650	20
49651	20
49652	20
49653	20
49654	20
49655	20
49656	20
49657	20
49658	20
49659	20
49660	20
49661	20
49662	20
49663	20
49664	20
49665	20
49666	20
49667	20
49668	20
49669	20
49670	20
49671	20
49672	20
49673	20
49674	20
49675	20
49676	20
49677	20
49678	20
49679	20
49680	20
49681	20
49682	20
49683	20
49684	20
49685	20
49686	20
49687	20
49688	20
49689	20
49690	20
49691	20
49692	20
49693	20
49694	20
49695	20
49696	20
49697	20
49698	20
49699	20
49700	20
49701	20
49702	20
49703	20
49704	20
49705	20
49706	20
49707	20
49708	20
49709	20
49710	20
49711	20
49712	20
49713	20
49714	20
49715	20
49716	20
49717	20
49718	20
49719	20
49720	20
49721	20
49722	20
49723	20
49724	20
49725	20
49726	20
49727	20
49728	20
49729	20
49730	20
49731	20
49732	20
49733	20
49734	20
49735	20
49736	20
49737	20
49738	20
49739	20
49740	20
49741	20
49742	20
49743	20
49744	20
49745	20
49746	20
49747	20
49748	20
49749	20
49750	20
49751	20
49752	20
49753	20
49754	20
49755	20
49756	20
49757	20
49758	20
49759	20
49760	20
49761	20
49762	20
49763	20
49764	20
49765	20
49766	20
49767	20
49768	20
49769	20
49770	20
49771	20
49772	20
49773	20
49774	20
49775	20
49776	20
49777	20
49778	20
49779	20
49780	20
49781	20
49782	20
49783	20
49784	20
49785	20
49786	20
49787	20
49788	20
49789	20
49790	20
49791	20
49792	20
49793	20
49794	20
49795	20
49796	20
49797	20
49798	20
49799	20
49800	20
49801	20
49802	20
49803	20
49804	20
49805	20
49806	20
49807	20
49808	20
49809	20
49810	20
49811	20
49812	20
49813	20
49814	20
49815	20
49816	20
49817	20
49818	20
49819	20
49820	20
49821	20
49822	20
49823	20
49824	20
49825	20
49826	20
49827	20
49828	20
49829	20
49830	20
49831	20
49832	20
49833	20
49834	20
49835	20
49836	20
49837	20
49838	20
49839	20
49840	20
49841	20
49842	20
49843	20
49844	20
49845	20
49846	20
49847	20
49848	20
49849	20
49850	20
49851	20
49852	20
49853	20
49854	20
49855	20
49856	20
49857	20
49858	20
49859	20
49860	20
49861	20
49862	20
49863	20
49864	20
49865	20
49866	20
49867	20
49868	20
49869	20
49870	20
49871	20
49872	20
49873	20
49874	20
49875	20
49876	20
49877	20
49878	20
49879	20
49880	20
49881	20
49882	20
49883	20
49884	20
49885	20
49886	20
49887	20
49888	20
49889	20
49890	20
49891	20
49892	20
49893	20
49894	20
49895	20
49896	20
49897	20
49898	20
49899	20
49900	20
49901	20
49902	20
49903	20
49904	20
49905	20
49906	20
49907	20
49908	20
49909	20
49910	20
49911	20
49912	20
49913	20
49914	20
49915	20
49916	20
49917	20
49918	20
49919	20
49920	20
49921	20
49922	20
49923	20
49924	20
49925	20
49926	20
49927	20
49928	20
49929	20
49930	20
49931	20
49932	20
49933	20
49934	20
49935	20
49936	20
49937	20
49938	20
49939	20
49940	20
49941	20
49942	20
49943	20
49944	20
49945	20
49946	20
49947	20
49948	20
49949	20
49950	20
49951	20
49952	20
49953	20
49954	20
49955	20
49956	20
49957	20
49958	20
49959	20
49960	20
49961	20
49962	20
49963	20
49964	20
49965	20
49966	20
49967	20
49968	20
49969	20
49970	20
49971	20
49972	20
49973	20
49974	20
49975	20
49976	20
49977	20
49978	20
49979	20
49980	20
49981	20
49982	20
49983	20
49984	20
49985	20
49986	20
49987	20
49988	20
49989	20
49990	20
49991	20
49992	20
49993	20
49994	20
49995	20
49996	20
49997	20
49998	20
49999	20
50000	20
50001	20
50002	20
50003	20
50004	20
50005	20
50006	20
50007	20
50008	20
50009	20
50010	20
50011	20
50012	20
50013	20
50014	20
50015	20
50016	20
50017	20
50018	20
50019	20
50020	20
50021	20
50022	20
50023	20
50024	20
50025	20
50026	20
50027	20
50028	20
50029	20
50030	20
50031	20
50032	20
50033	20
50034	20
50035	20
50036	20
50037	20
50038	20
50039	20
50040	20
50041	20
50042	20
50043	20
50044	20
50045	20
50046	20
50047	20
50048	20
50049	20
50050	20
50051	20
50052	20
50053	20
50054	20
50055	20
50056	20
50057	20
50058	20
50059	20
50060	20
50061	20
50062	20
50063	20
50064	20
50065	20
50066	20
50067	20
50068	20
50069	20
50070	20
50071	20
50072	20
50073	20
50074	20
50075	20
50076	20
50077	20
50078	20
50079	20
50080	20
50081	20
50082	20
50083	20
50084	20
50085	20
50086	20
50087	20
50088	20
50089	20
50090	20
50091	20
50092	20
50093	20
50094	20
50095	20
50096	20
50097	20
50098	20
50099	20
50100	20
50101	20
50102	20
50103	20
50104	20
50105	20
50106	20
50107	20
50108	20
50109	20
50110	20
50111	20
50112	20
50113	20
50114	20
50115	20
50116	20
50117	20
50118	20
50119	20
50120	20
50121	20
50122	20
50123	20
50124	20
50125	20
50126	20
50127	20
50128	20
50129	20
50130	20
50131	20
50132	20
50133	20
50134	20
50135	20
50136	20
50137	20
50138	20
50139	20
50140	20
50141	20
50142	20
50143	20
50144	20
50145	20
50146	20
50147	20
50148	20
50149	20
50150	20
50151	20
50152	20
50153	20
50154	20
50155	20
50156	20
50157	20
50158	20
50159	20
50160	20
50161	20
50162	20
50163	20
50164	20
50165	20
50166	20
50167	20
50168	20
50169	20
50170	20
50171	20
50172	20
50173	20
50174	20
50175	20
50176	20
50177	20
50178	20
50179	20
50180	20
50181	20
50182	20
50183	20
50184	20
50185	20
50186	20
50187	20
50188	20
50189	20
50190	20
50191	20
50192	20
50193	20
50194	20
50195	20
50196	20
50197	20
50198	20
50199	20
50200	20
50201	20
50202	20
50203	20
50204	20
50205	20
50206	20
50207	20
50208	20
50209	20
50210	20
50211	20
50212	20
50213	20
50214	20
50215	20
50216	20
50217	20
50218	20
50219	20
50220	20
50221	20
50222	20
50223	20
50224	20
50225	20
50226	20
50227	20
50228	20
50229	20
50230	20
50231	20
50232	20
50233	20
50234	20
50235	20
50236	20
50237	20
50238	20
50239	20
50240	20
50241	20
50242	20
50243	20
50244	20
50245	20
50246	20
50247	20
50248	20
50249	20
50250	20
50251	20
50252	20
50253	20
50254	20
50255	20
50256	20
50257	20
50258	20
50259	20
50260	20
50261	20
50262	20
50263	20
50264	20
50265	20
50266	20
50267	20
50268	20
50269	20
50270	20
50271	20
50272	20
50273	20
50274	20
50275	20
50276	20
50277	20
50278	20
50279	20
50280	20
50281	20
50282	20
50283	20
50284	20
50285	20
50286	20
50287	20
50288	20
50289	20
50290	20
50291	20
50292	20
50293	20
50294	20
50295	20
50296	20
50297	20
50298	20
50299	20
50300	20
50301	20
50302	20
50303	20
50304	20
50305	20
50306	20
50307	20
50308	20
50309	20
50310	20
50311	20
50312	20
50313	20
50314	20
50315	20
50316	20
50317	20
50318	20
50319	20
50320	20
50321	20
50322	20
50323	20
50324	20
50325	20
50326	20
50327	20
50328	20
50329	20
50330	20
50331	20
50332	20
50333	20
50334	20
50335	20
50336	20
50337	20
50338	20
50339	20
50340	20
50341	20
50342	20
50343	20
50344	20
50345	20
50346	20
50347	20
50348	20
50349	20
50350	20
50351	20
50352	20
50353	20
50354	20
50355	20
50356	20
50357	20
50358	20
50359	20
50360	20
50361	20
50362	20
50363	20
50364	20
50365	20
50366	20
50367	20
50368	20
50369	20
50370	20
50371	20
50372	20
50373	20
50374	20
50375	20
50376	20
50377	20
50378	20
50379	20
50380	20
50381	20
50382	20
50383	20
50384	20
50385	20
50386	20
50387	20
50388	20
50389	20
50390	20
50391	20
50392	20
50393	20
50394	20
50395	20
50396	20
50397	20
50398	20
50399	20
50400	20
50401	20
50402	20
50403	20
50404	20
50405	20
50406	20
50407	20
50408	20
50409	20
50410	20
50411	20
50412	20
50413	20
50414	20
50415	20
50416	20
50417	20
50418	20
50419	20
50420	20
50421	20
50422	20
50423	20
50424	20
50425	20
50426	20
50427	20
50428	20
50429	20
50430	20
50431	20
50432	20
50433	20
50434	20
50435	20
50436	20
50437	20
50438	20
50439	20
50440	20
50441	20
50442	20
50443	20
50444	20
50445	20
50446	20
50447	20
50448	20
50449	20
50450	20
50451	20
50452	20
50453	20
50454	20
50455	20
50456	20
50457	20
50458	20
50459	20
50460	20
50461	20
50462	20
50463	20
50464	20
50465	20
50466	20
50467	20
50468	20
50469	20
50470	20
50471	20
50472	20
50473	20
50474	20
50475	20
50476	20
50477	20
50478	20
50479	20
50480	20
50481	20
50482	20
50483	20
50484	20
50485	20
50486	20
50487	20
50488	20
50489	20
50490	20
50491	20
50492	20
50493	20
50494	20
50495	20
50496	20
50497	20
50498	20
50499	20
50500	20
50501	20
50502	20
50503	20
50504	20
50505	20
50506	20
50507	20
50508	20
50509	20
50510	20
50511	20
50512	20
50513	20
50514	20
50515	20
50516	20
50517	20
50518	20
50519	20
50520	20
50521	20
50522	20
50523	20
50524	20
50525	20
50526	20
50527	20
50528	20
50529	20
50530	20
50531	20
50532	20
50533	20
50534	20
50535	20
50536	20
50537	20
50538	20
50539	20
50540	20
50541	20
50542	20
50543	20
50544	20
50545	20
50546	20
50547	20
50548	20
50549	20
50550	20
50551	20
50552	20
50553	20
50554	20
50555	20
50556	20
50557	20
50558	20
50559	20
50560	20
50561	20
50562	20
50563	20
50564	20
50565	20
50566	20
50567	20
50568	20
50569	20
50570	20
50571	20
50572	20
50573	20
50574	20
50575	20
50576	20
50577	20
50578	20
50579	20
50580	20
50581	20
50582	20
50583	20
50584	20
50585	20
50586	20
50587	20
50588	20
50589	20
50590	20
50591	20
50592	20
50593	20
50594	20
50595	20
50596	20
50597	20
50598	20
50599	20
50600	20
50601	20
50602	20
50603	20
50604	20
50605	20
50606	20
50607	20
50608	20
50609	20
50610	20
50611	20
50612	20
50613	20
50614	20
50615	20
50616	20
50617	20
50618	20
50619	20
50620	20
50621	20
50622	20
50623	20
50624	20
50625	20
50626	20
50627	20
50628	20
50629	20
50630	20
50631	20
50632	20
50633	20
50634	20
50635	20
50636	20
50637	20
50638	20
50639	20
50640	20
50641	20
50642	20
50643	20
50644	20
50645	20
50646	20
50647	20
50648	20
50649	20
50650	20
50651	20
50652	20
50653	20
50654	20
50655	20
50656	20
50657	20
50658	20
50659	20
50660	20
50661	20
50662	20
50663	20
50664	20
50665	20
50666	20
50667	20
50668	20
50669	20
50670	20
50671	20
50672	20
50673	20
50674	20
50675	20
50676	20
50677	20
50678	20
50679	20
50680	20
50681	20
50682	20
50683	20
50684	20
50685	20
50686	20
50687	20
50688	20
50689	20
50690	20
50691	20
50692	20
50693	20
50694	20
50695	20
50696	20
50697	20
50698	20
50699	20
50700	20
50701	20
50702	20
50703	20
50704	20
50705	20
50706	20
50707	20
50708	20
50709	20
50710	20
50711	20
50712	20
50713	20
50714	20
50715	20
50716	20
50717	20
50718	20
50719	20
50720	20
50721	20
50722	20
50723	20
50724	20
50725	20
50726	20
50727	20
50728	20
50729	20
50730	20
50731	20
50732	20
50733	20
50734	20
50735	20
50736	20
50737	20
50738	20
50739	20
50740	20
50741	20
50742	20
50743	20
50744	20
50745	20
50746	20
50747	20
50748	20
50749	20
50750	20
50751	20
50752	20
50753	20
50754	20
50755	20
50756	20
50757	20
50758	20
50759	20
50760	20
50761	20
50762	20
50763	20
50764	20
50765	20
50766	20
50767	20
50768	20
50769	20
50770	20
50771	20
50772	20
50773	20
50774	20
50775	20
50776	20
50777	20
50778	20
50779	20
50780	20
50781	20
50782	20
50783	20
50784	20
50785	20
50786	20
50787	20
50788	20
50789	20
50790	20
50791	20
50792	20
50793	20
50794	20
50795	20
50796	20
50797	20
50798	20
50799	20
50800	20
50801	20
50802	20
50803	20
50804	20
50805	20
50806	20
50807	20
50808	20
50809	20
50810	20
50811	20
50812	20
50813	20
50814	20
50815	20
50816	20
50817	20
50818	20
50819	20
50820	20
50821	20
50822	20
50823	20
50824	20
50825	20
50826	20
50827	20
50828	20
50829	20
50830	20
50831	20
50832	20
50833	20
50834	20
50835	20
50836	20
50837	20
50838	20
50839	20
50840	20
50841	20
50842	20
50843	20
50844	20
50845	20
50846	20
50847	20
50848	20
50849	20
50850	20
50851	20
50852	20
50853	20
50854	20
50855	20
50856	20
50857	20
50858	20
50859	20
50860	20
50861	20
50862	20
50863	20
50864	20
50865	20
50866	20
50867	20
50868	20
50869	20
50870	20
50871	20
50872	20
50873	20
50874	20
50875	20
50876	20
50877	20
50878	20
50879	20
50880	20
50881	20
50882	20
50883	20
50884	20
50885	20
50886	20
50887	20
50888	20
50889	20
50890	20
50891	20
50892	20
50893	20
50894	20
50895	20
50896	20
50897	20
50898	20
50899	20
50900	20
50901	20
50902	20
50903	20
50904	20
50905	20
50906	20
50907	20
50908	20
50909	20
50910	20
50911	20
50912	20
50913	20
50914	20
50915	20
50916	20
50917	20
50918	20
50919	20
50920	20
50921	20
50922	20
50923	20
50924	20
50925	20
50926	20
50927	20
50928	20
50929	20
50930	20
50931	20
50932	20
50933	20
50934	20
50935	20
50936	20
50937	20
50938	20
50939	20
50940	20
50941	20
50942	20
50943	20
50944	20
50945	20
50946	20
50947	20
50948	20
50949	20
50950	20
50951	20
50952	20
50953	20
50954	20
50955	20
50956	20
50957	20
50958	20
50959	20
50960	20
50961	20
50962	20
50963	20
50964	20
50965	20
50966	20
50967	20
50968	20
50969	20
50970	20
50971	20
50972	20
50973	20
50974	20
50975	20
50976	20
50977	20
50978	20
50979	20
50980	20
50981	20
50982	20
50983	20
50984	20
50985	20
50986	20
50987	20
50988	20
50989	20
50990	20
50991	20
50992	20
50993	20
50994	20
50995	20
50996	20
50997	20
50998	20
50999	20
51000	20
51001	20
51002	20
51003	20
51004	20
51005	20
51006	20
51007	20
51008	20
51009	20
51010	20
51011	20
51012	20
51013	20
51014	20
51015	20
51016	20
51017	20
51018	20
51019	20
51020	20
51021	20
51022	20
51023	20
51024	20
51025	20
51026	20
51027	20
51028	20
51029	20
51030	20
51031	20
51032	20
51033	20
51034	20
51035	20
51036	20
51037	20
51038	20
51039	20
51040	20
51041	20
51042	20
51043	20
51044	20
51045	20
51046	20
51047	20
51048	20
51049	20
51050	20
51051	20
51052	20
51053	20
51054	20
51055	20
51056	20
51057	20
51058	20
51059	20
51060	20
51061	20
51062	20
51063	20
51064	20
51065	20
51066	20
51067	20
51068	20
51069	20
51070	20
51071	20
51072	20
51073	20
51074	20
51075	20
51076	20
51077	20
51078	20
51079	20
51080	20
51081	20
51082	20
51083	20
51084	20
51085	20
51086	20
51087	20
51088	20
51089	20
51090	20
51091	20
51092	20
51093	20
51094	20
51095	20
51096	20
51097	20
51098	20
51099	20
51100	20
51101	20
51102	20
51103	20
51104	20
51105	20
51106	20
51107	20
51108	20
51109	20
51110	20
51111	20
51112	20
51113	20
51114	20
51115	20
51116	20
51117	20
51118	20
51119	20
51120	20
51121	20
51122	20
51123	20
51124	20
51125	20
51126	20
51127	20
51128	20
51129	20
51130	20
51131	20
51132	20
51133	20
51134	20
51135	20
51136	20
51137	20
51138	20
51139	20
51140	20
51141	20
51142	20
51143	20
51144	20
51145	20
51146	20
51147	20
51148	20
51149	20
51150	20
51151	20
51152	20
51153	20
51154	20
51155	20
51156	20
51157	20
51158	20
51159	20
51160	20
51161	20
51162	20
51163	20
51164	20
51165	20
51166	20
51167	20
51168	20
51169	20
51170	20
51171	20
51172	20
51173	20
51174	20
51175	20
51176	20
51177	20
51178	20
51179	20
51180	20
51181	20
51182	20
51183	20
51184	20
51185	20
51186	20
51187	20
51188	20
51189	20
51190	20
51191	20
51192	20
51193	20
51194	20
51195	20
51196	20
51197	20
51198	20
51199	20
51200	20
51201	20
51202	20
51203	20
51204	20
51205	20
51206	20
51207	20
51208	20
51209	20
51210	20
51211	20
51212	20
51213	20
51214	20
51215	20
51216	20
51217	20
51218	20
51219	20
51220	20
51221	20
51222	20
51223	20
51224	20
51225	20
51226	20
51227	20
51228	20
51229	20
51230	20
51231	20
51232	20
51233	20
51234	20
51235	20
51236	20
51237	20
51238	20
51239	20
51240	20
51241	20
51242	20
51243	20
51244	20
51245	20
51246	20
51247	20
51248	20
51249	20
51250	20
51251	20
51252	20
51253	20
51254	20
51255	20
51256	20
51257	20
51258	20
51259	20
51260	20
51261	20
51262	20
51263	20
51264	20
51265	20
51266	20
51267	20
51268	20
51269	20
51270	20
51271	20
51272	20
51273	20
51274	20
51275	20
51276	20
51277	20
51278	20
51279	20
51280	20
51281	20
51282	20
51283	20
51284	20
51285	20
51286	20
51287	20
51288	20
51289	20
51290	20
51291	20
51292	20
51293	20
51294	20
51295	20
51296	20
51297	20
51298	20
51299	20
51300	20
51301	20
51302	20
51303	20
51304	20
51305	20
51306	20
51307	20
51308	20
51309	20
51310	20
51311	20
51312	20
51313	20
51314	20
51315	20
51316	20
51317	20
51318	20
51319	20
51320	20
51321	20
51322	20
51323	20
51324	20
51325	20
51326	20
51327	20
51328	20
51329	20
51330	20
51331	20
51332	20
51333	20
51334	20
51335	20
51336	20
51337	20
51338	20
51339	20
51340	20
51341	20
51342	20
51343	20
51344	20
51345	20
51346	20
51347	20
51348	20
51349	20
51350	20
51351	20
51352	20
51353	20
51354	20
51355	20
51356	20
51357	20
51358	20
51359	20
51360	20
51361	20
51362	20
51363	20
51364	20
51365	20
51366	20
51367	20
51368	20
51369	20
51370	20
51371	20
51372	20
51373	20
51374	20
51375	20
51376	20
51377	20
51378	20
51379	20
51380	20
51381	20
51382	20
51383	20
51384	20
51385	20
51386	20
51387	20
51388	20
51389	20
51390	20
51391	20
51392	20
51393	20
51394	20
51395	20
51396	20
51397	20
51398	20
51399	20
51400	20
51401	20
51402	20
51403	20
51404	20
51405	20
51406	20
51407	20
51408	20
51409	20
51410	20
51411	20
51412	20
51413	20
51414	20
51415	20
51416	20
51417	20
51418	20
51419	20
51420	20
51421	20
51422	20
51423	20
51424	20
51425	20
51426	20
51427	20
51428	20
51429	20
51430	20
51431	20
51432	20
51433	20
51434	20
51435	20
51436	20
51437	20
51438	20
51439	20
51440	20
51441	20
51442	20
51443	20
51444	20
51445	20
51446	20
51447	20
51448	20
51449	20
51450	20
51451	20
51452	20
51453	20
51454	20
51455	20
51456	20
51457	20
51458	20
51459	20
51460	20
51461	20
51462	20
51463	20
51464	20
51465	20
51466	20
51467	20
51468	20
51469	20
51470	20
51471	20
51472	20
51473	20
51474	20
51475	20
51476	20
51477	20
51478	20
51479	20
51480	20
51481	20
51482	20
51483	20
51484	20
51485	20
51486	20
51487	20
51488	20
51489	20
51490	20
51491	20
51492	20
51493	20
51494	20
51495	20
51496	20
51497	20
51498	20
51499	20
51500	20
51501	20
51502	20
51503	20
51504	20
51505	20
51506	20
51507	20
51508	20
51509	20
51510	20
51511	20
51512	20
51513	20
51514	20
51515	20
51516	20
51517	20
51518	20
51519	20
51520	20
51521	20
51522	20
51523	20
51524	20
51525	20
51526	20
51527	20
51528	20
51529	20
51530	20
51531	20
51532	20
51533	20
51534	20
51535	20
51536	20
51537	20
51538	20
51539	20
51540	20
51541	20
51542	20
51543	20
51544	20
51545	20
51546	20
51547	20
51548	20
51549	20
51550	20
51551	20
51552	20
51553	20
51554	20
51555	20
51556	20
51557	20
51558	20
51559	20
51560	20
51561	20
51562	20
51563	20
51564	20
51565	20
51566	20
51567	20
51568	20
51569	20
51570	20
51571	20
51572	20
51573	20
51574	20
51575	20
51576	20
51577	20
51578	20
51579	20
51580	20
51581	20
51582	20
51583	20
51584	20
51585	20
51586	20
51587	20
51588	20
51589	20
51590	20
51591	20
51592	20
51593	20
51594	20
51595	20
51596	20
51597	20
51598	20
51599	20
51600	20
51601	20
51602	20
51603	20
51604	20
51605	20
51606	20
51607	20
51608	20
51609	20
51610	20
51611	20
51612	20
51613	20
51614	20
51615	20
51616	20
51617	20
51618	20
51619	20
51620	20
51621	20
51622	20
51623	20
51624	20
51625	20
51626	20
51627	20
51628	20
51629	20
51630	20
51631	20
51632	20
51633	20
51634	20
51635	20
51636	20
51637	20
51638	20
51639	20
51640	20
51641	20
51642	20
51643	20
51644	20
51645	20
51646	20
51647	20
51648	20
51649	20
51650	20
51651	20
51652	20
51653	20
51654	20
51655	20
51656	20
51657	20
51658	20
51659	20
51660	20
51661	20
51662	20
51663	20
51664	20
51665	20
51666	20
51667	20
51668	20
51669	20
51670	20
51671	20
51672	20
51673	20
51674	20
51675	20
51676	20
51677	20
51678	20
51679	20
51680	20
51681	20
51682	20
51683	20
51684	20
51685	20
51686	20
51687	20
51688	20
51689	20
51690	20
51691	20
51692	20
51693	20
51694	20
51695	20
51696	20
51697	20
51698	20
51699	20
51700	20
51701	20
51702	20
51703	20
51704	20
51705	20
51706	20
51707	20
51708	20
51709	20
51710	20
51711	20
51712	20
51713	20
51714	20
51715	20
51716	20
51717	20
51718	20
51719	20
51720	20
51721	20
51722	20
51723	20
51724	20
51725	20
51726	20
51727	20
51728	20
51729	20
51730	20
51731	20
51732	20
51733	20
51734	20
51735	20
51736	20
51737	20
51738	20
51739	20
51740	20
51741	20
51742	20
51743	20
51744	20
51745	20
51746	20
51747	20
51748	20
51749	20
51750	20
51751	20
51752	20
51753	20
51754	20
51755	20
51756	20
51757	20
51758	20
51759	20
51760	20
51761	20
51762	20
51763	20
51764	20
51765	20
51766	20
51767	20
51768	20
51769	20
51770	20
51771	20
51772	20
51773	20
51774	20
51775	20
51776	20
51777	20
51778	20
51779	20
51780	20
51781	20
51782	20
51783	20
51784	20
51785	20
51786	20
51787	20
51788	20
51789	20
51790	20
51791	20
51792	20
51793	20
51794	20
51795	20
51796	20
51797	20
51798	20
51799	20
51800	20
51801	20
51802	20
51803	20
51804	20
51805	20
51806	20
51807	20
51808	20
51809	20
51810	20
51811	20
51812	20
51813	20
51814	20
51815	20
51816	20
51817	20
51818	20
51819	20
51820	20
51821	20
51822	20
51823	20
51824	20
51825	20
51826	20
51827	20
51828	20
51829	20
51830	20
51831	20
51832	20
51833	20
51834	20
51835	20
51836	20
51837	20
51838	20
51839	20
51840	20
51841	20
51842	20
51843	20
51844	20
51845	20
51846	20
51847	20
51848	20
51849	20
51850	20
51851	20
51852	20
51853	20
51854	20
51855	20
51856	20
51857	20
51858	20
51859	20
51860	20
51861	20
51862	20
51863	20
51864	20
51865	20
51866	20
51867	20
51868	20
51869	20
51870	20
51871	20
51872	20
51873	20
51874	20
51875	20
51876	20
51877	20
51878	20
51879	20
51880	20
51881	20
51882	20
51883	20
51884	20
51885	20
51886	20
51887	20
51888	20
51889	20
51890	20
51891	20
51892	20
51893	20
51894	20
51895	20
51896	20
51897	20
51898	20
51899	20
51900	20
51901	20
51902	20
51903	20
51904	20
51905	20
51906	20
51907	20
51908	20
51909	20
51910	20
51911	20
51912	20
51913	20
51914	20
51915	20
51916	20
51917	20
51918	20
51919	20
51920	20
51921	20
51922	20
51923	20
51924	20
51925	20
51926	20
51927	20
51928	20
51929	20
51930	20
51931	20
51932	20
51933	20
51934	20
51935	20
51936	20
51937	20
51938	20
51939	20
51940	20
51941	20
51942	20
51943	20
51944	20
51945	20
51946	20
51947	20
51948	20
51949	20
51950	20
51951	20
51952	20
51953	20
51954	20
51955	20
51956	20
51957	20
51958	20
51959	20
51960	20
51961	20
51962	20
51963	20
51964	20
51965	20
51966	20
51967	20
51968	20
51969	20
51970	20
51971	20
51972	20
51973	20
51974	20
51975	20
51976	20
51977	20
51978	20
51979	20
51980	20
51981	20
51982	20
51983	20
51984	20
51985	20
51986	20
51987	20
51988	20
51989	20
51990	20
51991	20
51992	20
51993	20
51994	20
51995	20
51996	20
51997	20
51998	20
51999	20
52000	20
52001	20
52002	20
52003	20
52004	20
52005	20
52006	20
52007	20
52008	20
52009	20
52010	20
52011	20
52012	20
52013	20
52014	20
52015	20
52016	20
52017	20
52018	20
52019	20
52020	20
52021	20
52022	20
52023	20
52024	20
52025	20
52026	20
52027	20
52028	20
52029	20
52030	20
52031	20
52032	20
52033	20
52034	20
52035	20
52036	20
52037	20
52038	20
52039	20
52040	20
52041	20
52042	20
52043	20
52044	20
52045	20
52046	20
52047	20
52048	20
52049	20
52050	20
52051	20
52052	20
52053	20
52054	20
52055	20
52056	20
52057	20
52058	20
52059	20
52060	20
52061	20
52062	20
52063	20
52064	20
52065	20
52066	20
52067	20
52068	20
52069	20
52070	20
52071	20
52072	20
52073	20
52074	20
52075	20
52076	20
52077	20
52078	20
52079	20
52080	20
52081	20
52082	20
52083	20
52084	20
52085	20
52086	20
52087	20
52088	20
52089	20
52090	20
52091	20
52092	20
52093	20
52094	20
52095	20
52096	20
52097	20
52098	20
52099	20
52100	20
52101	20
52102	20
52103	20
52104	20
52105	20
52106	20
52107	20
52108	20
52109	20
52110	20
52111	20
52112	20
52113	20
52114	20
52115	20
52116	20
52117	20
52118	20
52119	20
52120	20
52121	20
52122	20
52123	20
52124	20
52125	20
52126	20
52127	20
52128	20
52129	20
52130	20
52131	20
52132	20
52133	20
52134	20
52135	20
52136	20
52137	20
52138	20
52139	20
52140	20
52141	20
52142	20
52143	20
52144	20
52145	20
52146	20
52147	20
52148	20
52149	20
52150	20
52151	20
52152	20
52153	20
52154	20
52155	20
52156	20
52157	20
52158	20
52159	20
52160	20
52161	20
52162	20
52163	20
52164	20
52165	20
52166	20
52167	20
52168	20
52169	20
52170	20
52171	20
52172	20
52173	20
52174	20
52175	20
52176	20
52177	20
52178	20
52179	20
52180	20
52181	20
52182	20
52183	20
52184	20
52185	20
52186	20
52187	20
52188	20
52189	20
52190	20
52191	20
52192	20
52193	20
52194	20
52195	20
52196	20
52197	20
52198	20
52199	20
52200	20
52201	20
52202	20
52203	20
52204	20
52205	20
52206	20
52207	20
52208	20
52209	20
52210	20
52211	20
52212	20
52213	20
52214	20
52215	20
52216	20
52217	20
52218	20
52219	20
52220	20
52221	20
52222	20
52223	20
52224	20
52225	20
52226	20
52227	20
52228	20
52229	20
52230	20
52231	20
52232	20
52233	20
52234	20
52235	20
52236	20
52237	20
52238	20
52239	20
52240	20
52241	20
52242	20
52243	20
52244	20
52245	20
52246	20
52247	20
52248	20
52249	20
52250	20
52251	20
52252	20
52253	20
52254	20
52255	20
52256	20
52257	20
52258	20
52259	20
52260	20
52261	20
52262	20
52263	20
52264	20
52265	20
52266	20
52267	20
52268	20
52269	20
52270	20
52271	20
52272	20
52273	20
52274	20
52275	20
52276	20
52277	20
52278	20
52279	20
52280	20
52281	20
52282	20
52283	20
52284	20
52285	20
52286	20
52287	20
52288	20
52289	20
52290	20
52291	20
52292	20
52293	20
52294	20
52295	20
52296	20
52297	20
52298	20
52299	20
52300	20
52301	20
52302	20
52303	20
52304	20
52305	20
52306	20
52307	20
52308	20
52309	20
52310	20
52311	20
52312	20
52313	20
52314	20
52315	20
52316	20
52317	20
52318	20
52319	20
52320	20
52321	20
52322	20
52323	20
52324	20
52325	20
52326	20
52327	20
52328	20
52329	20
52330	20
52331	20
52332	20
52333	20
52334	20
52335	20
52336	20
52337	20
52338	20
52339	20
52340	20
52341	20
52342	20
52343	20
52344	20
52345	20
52346	20
52347	20
52348	20
52349	20
52350	20
52351	20
52352	20
52353	20
52354	20
52355	20
52356	20
52357	20
52358	20
52359	20
52360	20
52361	20
52362	20
52363	20
52364	20
52365	20
52366	20
52367	20
52368	20
52369	20
52370	20
52371	20
52372	20
52373	20
52374	20
52375	20
52376	20
52377	20
52378	20
52379	20
52380	20
52381	20
52382	20
52383	20
52384	20
52385	20
52386	20
52387	20
52388	20
52389	20
52390	20
52391	20
52392	20
52393	20
52394	20
52395	20
52396	20
52397	20
52398	20
52399	20
52400	20
52401	20
52402	20
52403	20
52404	20
52405	20
52406	20
52407	20
52408	20
52409	20
52410	20
52411	20
52412	20
52413	20
52414	20
52415	20
52416	20
52417	20
52418	20
52419	20
52420	20
52421	20
52422	20
52423	20
52424	20
52425	20
52426	20
52427	20
52428	20
52429	20
52430	20
52431	20
52432	20
52433	20
52434	20
52435	20
52436	20
52437	20
52438	20
52439	20
52440	20
52441	20
52442	20
52443	20
52444	20
52445	20
52446	20
52447	20
52448	20
52449	20
52450	20
52451	20
52452	20
52453	20
52454	20
52455	20
52456	20
52457	20
52458	20
52459	20
52460	20
52461	20
52462	20
52463	20
52464	20
52465	20
52466	20
52467	20
52468	20
52469	20
52470	20
52471	20
52472	20
52473	20
52474	20
52475	20
52476	20
52477	20
52478	20
52479	20
52480	20
52481	20
52482	20
52483	20
52484	20
52485	20
52486	20
52487	20
52488	20
52489	20
52490	20
52491	20
52492	20
52493	20
52494	20
52495	20
52496	20
52497	20
52498	20
52499	20
52500	20
